Source,Location ID,City,State,Country,Latitude,Longitude,Time Zone,Elevation,Local Time Zone,Clearsky DHI Units,Clearsky DNI Units,Clearsky GHI Units,Dew Point Units,DHI Units,DNI Units,GHI Units,Solar Zenith Angle Units,Temperature Units,Pressure Units,Relative Humidity Units,Precipitable Water Units,Wind Direction Units,Wind Speed,Cloud Type -15,Cloud Type 0,Cloud Type 1,Cloud Type 2,Cloud Type 3,Cloud Type 4,Cloud Type 5,Cloud Type 6,Cloud Type 7,Cloud Type 8,Cloud Type 9,Cloud Type 10,Cloud Type 11,Cloud Type 12,Fill Flag 0,Fill Flag 1,Fill Flag 2,Fill Flag 3,Fill Flag 4,Fill Flag 5,Surface Albedo Units,Version
NSRDB,1031356,-,-,-,40.49,-81.46,-5,276,-5,w/m2,w/m2,w/m2,c,w/m2,w/m2,w/m2,Degree,c,mbar,%,cm,Degrees,m/s,N/A,Clear,Probably Clear,Fog,Water,Super-Cooled Water,Mixed,Opaque Ice,Cirrus,Overlapping,Overshooting,Unknown,Dust,Smoke,N/A,Missing Image,Low Irradiance,Exceeds Clearsky,Missing CLoud Properties,Rayleigh Violation,N/A,v3.0.1
Year,Month,Day,Hour,Minute,DNI,Cloud Type,Wind Speed,Wind Direction
2018,1,1,0,0,0,8,0.6000000000000001,296
2018,1,1,0,30,0,8,0.6000000000000001,295
2018,1,1,1,0,0,8,0.6000000000000001,295
2018,1,1,1,30,0,8,0.6000000000000001,296
2018,1,1,2,0,0,8,0.6000000000000001,297
2018,1,1,2,30,0,8,0.6000000000000001,294
2018,1,1,3,0,0,8,0.6000000000000001,291
2018,1,1,3,30,0,8,0.6000000000000001,285
2018,1,1,4,0,0,8,0.6000000000000001,279
2018,1,1,4,30,0,8,0.6000000000000001,274
2018,1,1,5,0,0,8,0.6000000000000001,270
2018,1,1,5,30,0,8,0.6000000000000001,268
2018,1,1,6,0,0,8,0.6000000000000001,267
2018,1,1,6,30,0,8,0.6000000000000001,266
2018,1,1,7,0,0,8,0.6000000000000001,266
2018,1,1,7,30,0,8,0.6000000000000001,263
2018,1,1,8,0,111,8,0.6000000000000001,259
2018,1,1,8,30,338,8,0.7000000000000001,259
2018,1,1,9,0,372,4,0.7000000000000001,259
2018,1,1,9,30,409,4,0.8,261
2018,1,1,10,0,493,4,0.9,263
2018,1,1,10,30,732,4,0.9,265
2018,1,1,11,0,736,4,1.0,267
2018,1,1,11,30,778,4,1.1,271
2018,1,1,12,0,682,4,1.1,274
2018,1,1,12,30,291,4,1.2000000000000002,277
2018,1,1,13,0,106,4,1.2000000000000002,279
2018,1,1,13,30,163,4,1.2000000000000002,282
2018,1,1,14,0,255,4,1.2000000000000002,284
2018,1,1,14,30,204,4,1.1,286
2018,1,1,15,0,244,4,1.1,287
2018,1,1,15,30,127,4,1.0,287
2018,1,1,16,0,82,4,1.0,287
2018,1,1,16,30,37,4,0.9,283
2018,1,1,17,0,69,4,0.7000000000000001,280
2018,1,1,17,30,0,4,0.7000000000000001,277
2018,1,1,18,0,0,4,0.7000000000000001,274
2018,1,1,18,30,0,4,0.7000000000000001,274
2018,1,1,19,0,0,4,0.7000000000000001,268
2018,1,1,19,30,0,4,0.7000000000000001,267
2018,1,1,20,0,0,4,0.7000000000000001,265
2018,1,1,20,30,0,4,0.7000000000000001,265
2018,1,1,21,0,0,4,0.7000000000000001,265
2018,1,1,21,30,0,4,0.7000000000000001,266
2018,1,1,22,0,0,4,0.7000000000000001,267
2018,1,1,22,30,0,4,0.7000000000000001,266
2018,1,1,23,0,0,4,0.7000000000000001,266
2018,1,1,23,30,0,4,0.7000000000000001,265
2018,1,2,0,0,0,4,0.7000000000000001,263
2018,1,2,0,30,0,4,0.7000000000000001,264
2018,1,2,1,0,0,4,0.7000000000000001,264
2018,1,2,1,30,0,4,0.7000000000000001,264
2018,1,2,2,0,0,4,0.8,264
2018,1,2,2,30,0,4,0.8,262
2018,1,2,3,0,0,4,0.7000000000000001,260
2018,1,2,3,30,0,4,0.7000000000000001,257
2018,1,2,4,0,0,4,0.7000000000000001,253
2018,1,2,4,30,0,4,0.7000000000000001,250
2018,1,2,5,0,0,4,0.7000000000000001,246
2018,1,2,5,30,0,4,0.7000000000000001,244
2018,1,2,6,0,0,4,0.7000000000000001,241
2018,1,2,6,30,0,4,0.7000000000000001,239
2018,1,2,7,0,0,4,0.8,237
2018,1,2,7,30,0,4,0.8,235
2018,1,2,8,0,34,4,0.8,234
2018,1,2,8,30,80,4,0.9,234
2018,1,2,9,0,176,4,0.9,235
2018,1,2,9,30,267,4,1.0,235
2018,1,2,10,0,309,4,1.0,236
2018,1,2,10,30,353,4,1.0,235
2018,1,2,11,0,666,4,1.1,235
2018,1,2,11,30,750,4,1.1,235
2018,1,2,12,0,851,4,1.1,235
2018,1,2,12,30,875,4,1.1,235
2018,1,2,13,0,814,4,1.1,235
2018,1,2,13,30,722,4,1.1,236
2018,1,2,14,0,704,4,1.1,236
2018,1,2,14,30,824,7,1.1,235
2018,1,2,15,0,777,4,1.0,235
2018,1,2,15,30,577,4,0.9,233
2018,1,2,16,0,449,4,0.8,231
2018,1,2,16,30,273,4,0.8,228
2018,1,2,17,0,95,4,0.7000000000000001,224
2018,1,2,17,30,0,4,0.7000000000000001,221
2018,1,2,18,0,0,8,0.7000000000000001,218
2018,1,2,18,30,0,8,0.7000000000000001,218
2018,1,2,19,0,0,0,0.8,213
2018,1,2,19,30,0,0,0.8,212
2018,1,2,20,0,0,0,0.8,211
2018,1,2,20,30,0,0,0.8,210
2018,1,2,21,0,0,8,0.7000000000000001,209
2018,1,2,21,30,0,8,0.7000000000000001,209
2018,1,2,22,0,0,7,0.7000000000000001,209
2018,1,2,22,30,0,7,0.7000000000000001,208
2018,1,2,23,0,0,8,0.7000000000000001,207
2018,1,2,23,30,0,8,0.7000000000000001,205
2018,1,3,0,0,0,8,0.7000000000000001,203
2018,1,3,0,30,0,8,0.7000000000000001,199
2018,1,3,1,0,0,8,0.7000000000000001,195
2018,1,3,1,30,0,8,0.7000000000000001,193
2018,1,3,2,0,0,8,0.7000000000000001,191
2018,1,3,2,30,0,8,0.7000000000000001,192
2018,1,3,3,0,0,8,0.7000000000000001,193
2018,1,3,3,30,0,8,0.7000000000000001,193
2018,1,3,4,0,0,8,0.7000000000000001,193
2018,1,3,4,30,0,8,0.7000000000000001,191
2018,1,3,5,0,0,8,0.7000000000000001,188
2018,1,3,5,30,0,8,0.7000000000000001,187
2018,1,3,6,0,0,8,0.8,186
2018,1,3,6,30,0,8,0.7000000000000001,186
2018,1,3,7,0,0,8,0.7000000000000001,186
2018,1,3,7,30,0,8,0.7000000000000001,186
2018,1,3,8,0,112,8,0.7000000000000001,187
2018,1,3,8,30,130,4,0.7000000000000001,187
2018,1,3,9,0,92,4,0.7000000000000001,188
2018,1,3,9,30,189,4,0.8,195
2018,1,3,10,0,621,4,0.9,203
2018,1,3,10,30,647,4,0.9,205
2018,1,3,11,0,764,7,1.0,207
2018,1,3,11,30,695,7,1.0,206
2018,1,3,12,0,754,4,1.0,206
2018,1,3,12,30,761,4,1.0,205
2018,1,3,13,0,809,4,1.0,205
2018,1,3,13,30,731,4,1.0,206
2018,1,3,14,0,738,4,0.9,208
2018,1,3,14,30,823,4,0.9,211
2018,1,3,15,0,685,4,0.8,215
2018,1,3,15,30,480,4,0.7000000000000001,216
2018,1,3,16,0,403,4,0.5,217
2018,1,3,16,30,250,4,0.5,220
2018,1,3,17,0,70,4,0.4,222
2018,1,3,17,30,0,4,0.4,229
2018,1,3,18,0,0,4,0.4,236
2018,1,3,18,30,0,4,0.4,236
2018,1,3,19,0,0,4,0.4,258
2018,1,3,19,30,0,4,0.4,266
2018,1,3,20,0,0,4,0.5,273
2018,1,3,20,30,0,4,0.5,276
2018,1,3,21,0,0,4,0.5,280
2018,1,3,21,30,0,4,0.6000000000000001,282
2018,1,3,22,0,0,4,0.6000000000000001,284
2018,1,3,22,30,0,4,0.5,284
2018,1,3,23,0,0,4,0.5,285
2018,1,3,23,30,0,4,0.5,287
2018,1,4,0,0,0,4,0.5,288
2018,1,4,0,30,0,4,0.6000000000000001,289
2018,1,4,1,0,0,4,0.6000000000000001,289
2018,1,4,1,30,0,4,0.6000000000000001,290
2018,1,4,2,0,0,4,0.6000000000000001,291
2018,1,4,2,30,0,4,0.6000000000000001,292
2018,1,4,3,0,0,4,0.6000000000000001,293
2018,1,4,3,30,0,4,0.7000000000000001,297
2018,1,4,4,0,0,4,0.7000000000000001,300
2018,1,4,4,30,0,4,0.7000000000000001,306
2018,1,4,5,0,0,4,0.8,311
2018,1,4,5,30,0,4,0.8,313
2018,1,4,6,0,0,4,0.9,315
2018,1,4,6,30,0,4,0.9,317
2018,1,4,7,0,0,4,1.0,318
2018,1,4,7,30,0,4,1.0,317
2018,1,4,8,0,50,4,1.0,316
2018,1,4,8,30,121,4,1.2000000000000002,318
2018,1,4,9,0,209,4,1.4000000000000001,320
2018,1,4,9,30,306,4,1.4000000000000001,321
2018,1,4,10,0,413,4,1.5,322
2018,1,4,10,30,336,4,1.5,320
2018,1,4,11,0,557,4,1.5,319
2018,1,4,11,30,677,4,1.5,316
2018,1,4,12,0,655,4,1.6,314
2018,1,4,12,30,318,4,1.6,312
2018,1,4,13,0,224,4,1.6,310
2018,1,4,13,30,342,4,1.6,309
2018,1,4,14,0,491,4,1.6,308
2018,1,4,14,30,353,4,1.6,307
2018,1,4,15,0,213,4,1.6,307
2018,1,4,15,30,87,4,1.5,306
2018,1,4,16,0,57,4,1.5,306
2018,1,4,16,30,23,4,1.5,306
2018,1,4,17,0,6,4,1.4000000000000001,306
2018,1,4,17,30,0,4,1.4000000000000001,306
2018,1,4,18,0,0,4,1.4000000000000001,307
2018,1,4,18,30,0,4,1.4000000000000001,307
2018,1,4,19,0,0,4,1.4000000000000001,308
2018,1,4,19,30,0,4,1.3,309
2018,1,4,20,0,0,4,1.3,309
2018,1,4,20,30,0,4,1.3,309
2018,1,4,21,0,0,8,1.3,308
2018,1,4,21,30,0,8,1.3,307
2018,1,4,22,0,0,8,1.2000000000000002,307
2018,1,4,22,30,0,8,1.2000000000000002,305
2018,1,4,23,0,0,8,1.2000000000000002,304
2018,1,4,23,30,0,8,1.2000000000000002,303
2018,1,5,0,0,0,8,1.2000000000000002,301
2018,1,5,0,30,0,8,1.2000000000000002,300
2018,1,5,1,0,0,8,1.2000000000000002,299
2018,1,5,1,30,0,8,1.2000000000000002,299
2018,1,5,2,0,0,8,1.2000000000000002,298
2018,1,5,2,30,0,8,1.2000000000000002,298
2018,1,5,3,0,0,8,1.3,297
2018,1,5,3,30,0,8,1.3,297
2018,1,5,4,0,0,8,1.3,296
2018,1,5,4,30,0,8,1.3,296
2018,1,5,5,0,0,8,1.3,295
2018,1,5,5,30,0,8,1.2000000000000002,294
2018,1,5,6,0,0,8,1.2000000000000002,294
2018,1,5,6,30,0,8,1.2000000000000002,293
2018,1,5,7,0,0,8,1.2000000000000002,292
2018,1,5,7,30,0,8,1.2000000000000002,292
2018,1,5,8,0,120,8,1.2000000000000002,291
2018,1,5,8,30,359,8,1.3,292
2018,1,5,9,0,525,8,1.3,292
2018,1,5,9,30,567,4,1.4000000000000001,293
2018,1,5,10,0,682,4,1.4000000000000001,293
2018,1,5,10,30,778,4,1.4000000000000001,293
2018,1,5,11,0,843,4,1.4000000000000001,293
2018,1,5,11,30,854,4,1.5,294
2018,1,5,12,0,863,4,1.5,294
2018,1,5,12,30,885,4,1.5,295
2018,1,5,13,0,888,4,1.5,296
2018,1,5,13,30,861,4,1.5,296
2018,1,5,14,0,867,4,1.5,297
2018,1,5,14,30,868,4,1.4000000000000001,298
2018,1,5,15,0,709,4,1.4000000000000001,298
2018,1,5,15,30,595,4,1.3,299
2018,1,5,16,0,465,4,1.2000000000000002,299
2018,1,5,16,30,296,4,1.1,299
2018,1,5,17,0,87,4,1.1,299
2018,1,5,17,30,0,4,1.0,298
2018,1,5,18,0,0,4,0.9,297
2018,1,5,18,30,0,4,0.9,297
2018,1,5,19,0,0,4,0.9,296
2018,1,5,19,30,0,8,0.9,295
2018,1,5,20,0,0,8,0.9,295
2018,1,5,20,30,0,8,0.9,295
2018,1,5,21,0,0,8,0.9,295
2018,1,5,21,30,0,4,0.9,295
2018,1,5,22,0,0,4,0.9,296
2018,1,5,22,30,0,4,0.9,297
2018,1,5,23,0,0,4,0.9,298
2018,1,5,23,30,0,8,0.9,298
2018,1,6,0,0,0,8,0.9,298
2018,1,6,0,30,0,8,0.9,298
2018,1,6,1,0,0,8,0.9,297
2018,1,6,1,30,0,8,0.9,296
2018,1,6,2,0,0,8,0.9,295
2018,1,6,2,30,0,8,0.9,294
2018,1,6,3,0,0,8,0.9,292
2018,1,6,3,30,0,8,0.9,291
2018,1,6,4,0,0,8,0.9,289
2018,1,6,4,30,0,8,0.8,288
2018,1,6,5,0,0,8,0.8,287
2018,1,6,5,30,0,8,0.8,285
2018,1,6,6,0,0,8,0.8,283
2018,1,6,6,30,0,8,0.8,283
2018,1,6,7,0,0,8,0.8,282
2018,1,6,7,30,0,8,0.8,283
2018,1,6,8,0,109,8,0.8,284
2018,1,6,8,30,360,8,0.9,289
2018,1,6,9,0,526,8,1.0,294
2018,1,6,9,30,560,4,1.1,297
2018,1,6,10,0,641,4,1.1,300
2018,1,6,10,30,804,4,1.1,300
2018,1,6,11,0,867,4,1.1,300
2018,1,6,11,30,851,4,1.2000000000000002,299
2018,1,6,12,0,830,4,1.2000000000000002,299
2018,1,6,12,30,675,4,1.2000000000000002,299
2018,1,6,13,0,344,4,1.2000000000000002,299
2018,1,6,13,30,349,4,1.2000000000000002,299
2018,1,6,14,0,421,4,1.1,300
2018,1,6,14,30,443,4,1.1,300
2018,1,6,15,0,564,4,1.1,301
2018,1,6,15,30,417,4,1.0,302
2018,1,6,16,0,316,4,0.9,303
2018,1,6,16,30,189,4,0.7000000000000001,303
2018,1,6,17,0,64,4,0.6000000000000001,303
2018,1,6,17,30,0,8,0.6000000000000001,303
2018,1,6,18,0,0,8,0.6000000000000001,303
2018,1,6,18,30,0,8,0.6000000000000001,303
2018,1,6,19,0,0,8,0.5,304
2018,1,6,19,30,0,8,0.5,303
2018,1,6,20,0,0,8,0.4,303
2018,1,6,20,30,0,8,0.5,301
2018,1,6,21,0,0,8,0.5,299
2018,1,6,21,30,0,8,0.5,300
2018,1,6,22,0,0,8,0.5,300
2018,1,6,22,30,0,8,0.4,322
2018,1,6,23,0,0,8,0.2,343
2018,1,6,23,30,0,8,0.30000000000000004,235
2018,1,7,0,0,0,8,0.4,127
2018,1,7,0,30,0,8,0.5,142
2018,1,7,1,0,0,8,0.6000000000000001,157
2018,1,7,1,30,0,0,0.6000000000000001,159
2018,1,7,2,0,0,0,0.5,160
2018,1,7,2,30,0,8,0.6000000000000001,160
2018,1,7,3,0,0,8,0.7000000000000001,161
2018,1,7,3,30,0,8,0.7000000000000001,161
2018,1,7,4,0,0,8,0.7000000000000001,162
2018,1,7,4,30,0,8,0.7000000000000001,163
2018,1,7,5,0,0,8,0.7000000000000001,164
2018,1,7,5,30,0,8,0.7000000000000001,164
2018,1,7,6,0,0,7,0.7000000000000001,164
2018,1,7,6,30,0,7,0.7000000000000001,164
2018,1,7,7,0,0,7,0.7000000000000001,164
2018,1,7,7,30,0,7,0.8,165
2018,1,7,8,0,73,4,0.8,166
2018,1,7,8,30,268,7,0.9,169
2018,1,7,9,0,422,7,1.0,171
2018,1,7,9,30,532,7,1.0,173
2018,1,7,10,0,519,7,1.1,176
2018,1,7,10,30,395,7,1.1,179
2018,1,7,11,0,572,7,1.2000000000000002,182
2018,1,7,11,30,604,7,1.2000000000000002,184
2018,1,7,12,0,561,7,1.2000000000000002,186
2018,1,7,12,30,539,7,1.1,186
2018,1,7,13,0,511,7,1.1,187
2018,1,7,13,30,497,7,1.1,186
2018,1,7,14,0,541,7,1.1,186
2018,1,7,14,30,449,7,1.1,185
2018,1,7,15,0,104,4,1.1,184
2018,1,7,15,30,10,4,1.0,183
2018,1,7,16,0,0,4,0.9,182
2018,1,7,16,30,0,4,0.9,182
2018,1,7,17,0,19,4,0.8,182
2018,1,7,17,30,0,4,0.9,184
2018,1,7,18,0,0,7,0.9,185
2018,1,7,18,30,0,7,0.9,185
2018,1,7,19,0,0,7,0.9,189
2018,1,7,19,30,0,7,0.9,191
2018,1,7,20,0,0,7,0.9,192
2018,1,7,20,30,0,7,0.9,195
2018,1,7,21,0,0,7,0.9,197
2018,1,7,21,30,0,7,0.8,194
2018,1,7,22,0,0,7,0.7000000000000001,192
2018,1,7,22,30,0,7,0.8,190
2018,1,7,23,0,0,7,0.8,187
2018,1,7,23,30,0,6,0.8,186
2018,1,8,0,0,0,6,0.8,184
2018,1,8,0,30,0,6,0.8,182
2018,1,8,1,0,0,7,0.8,179
2018,1,8,1,30,0,7,0.8,178
2018,1,8,2,0,0,7,0.7000000000000001,177
2018,1,8,2,30,0,7,0.7000000000000001,181
2018,1,8,3,0,0,7,0.7000000000000001,185
2018,1,8,3,30,0,7,0.8,189
2018,1,8,4,0,0,7,0.8,194
2018,1,8,4,30,0,7,0.9,193
2018,1,8,5,0,0,7,0.9,192
2018,1,8,5,30,0,7,1.0,190
2018,1,8,6,0,0,7,1.1,187
2018,1,8,6,30,0,6,1.1,186
2018,1,8,7,0,0,7,1.1,186
2018,1,8,7,30,0,6,1.1,188
2018,1,8,8,0,36,7,1.1,190
2018,1,8,8,30,114,7,1.2000000000000002,199
2018,1,8,9,0,175,7,1.4000000000000001,208
2018,1,8,9,30,124,4,1.4000000000000001,210
2018,1,8,10,0,74,4,1.5,212
2018,1,8,10,30,79,4,1.5,216
2018,1,8,11,0,88,4,1.4000000000000001,219
2018,1,8,11,30,39,4,1.4000000000000001,222
2018,1,8,12,0,171,4,1.4000000000000001,226
2018,1,8,12,30,156,8,1.3,228
2018,1,8,13,0,53,4,1.3,230
2018,1,8,13,30,65,4,1.2000000000000002,231
2018,1,8,14,0,47,4,1.1,233
2018,1,8,14,30,9,4,1.0,233
2018,1,8,15,0,27,4,1.0,233
2018,1,8,15,30,71,4,0.9,231
2018,1,8,16,0,47,4,0.8,229
2018,1,8,16,30,19,4,0.8,229
2018,1,8,17,0,7,4,0.8,230
2018,1,8,17,30,0,7,0.8,231
2018,1,8,18,0,0,7,0.8,232
2018,1,8,18,30,0,7,0.8,232
2018,1,8,19,0,0,7,0.9,231
2018,1,8,19,30,0,7,0.9,233
2018,1,8,20,0,0,7,0.9,235
2018,1,8,20,30,0,7,0.9,236
2018,1,8,21,0,0,7,0.9,238
2018,1,8,21,30,0,4,0.9,240
2018,1,8,22,0,0,4,0.9,242
2018,1,8,22,30,0,4,0.9,243
2018,1,8,23,0,0,4,0.9,244
2018,1,8,23,30,0,4,0.8,247
2018,1,9,0,0,0,4,0.8,249
2018,1,9,0,30,0,4,0.8,251
2018,1,9,1,0,0,4,0.7000000000000001,253
2018,1,9,1,30,0,4,0.7000000000000001,255
2018,1,9,2,0,0,0,0.7000000000000001,256
2018,1,9,2,30,0,0,0.6000000000000001,257
2018,1,9,3,0,0,0,0.5,257
2018,1,9,3,30,0,0,0.5,259
2018,1,9,4,0,0,4,0.5,260
2018,1,9,4,30,0,4,0.5,260
2018,1,9,5,0,0,4,0.5,260
2018,1,9,5,30,0,7,0.5,259
2018,1,9,6,0,0,7,0.5,257
2018,1,9,6,30,0,4,0.5,253
2018,1,9,7,0,0,4,0.5,250
2018,1,9,7,30,0,4,0.5,248
2018,1,9,8,0,19,8,0.5,247
2018,1,9,8,30,2,4,0.5,249
2018,1,9,9,0,12,4,0.6000000000000001,250
2018,1,9,9,30,28,4,0.6000000000000001,252
2018,1,9,10,0,11,4,0.6000000000000001,254
2018,1,9,10,30,18,4,0.6000000000000001,258
2018,1,9,11,0,41,4,0.5,261
2018,1,9,11,30,60,4,0.5,265
2018,1,9,12,0,41,4,0.5,269
2018,1,9,12,30,62,4,0.5,272
2018,1,9,13,0,121,4,0.5,274
2018,1,9,13,30,276,4,0.4,280
2018,1,9,14,0,299,4,0.4,286
2018,1,9,14,30,409,4,0.30000000000000004,301
2018,1,9,15,0,526,4,0.2,315
2018,1,9,15,30,754,0,0.4,160
2018,1,9,16,0,668,0,0.5,4
2018,1,9,16,30,528,0,0.6000000000000001,17
2018,1,9,17,0,192,4,0.8,30
2018,1,9,17,30,0,4,0.8,42
2018,1,9,18,0,0,4,0.8,53
2018,1,9,18,30,0,4,0.8,53
2018,1,9,19,0,0,4,0.8,72
2018,1,9,19,30,0,4,0.7000000000000001,82
2018,1,9,20,0,0,8,0.6000000000000001,92
2018,1,9,20,30,0,4,0.5,101
2018,1,9,21,0,0,4,0.5,109
2018,1,9,21,30,0,7,0.5,113
2018,1,9,22,0,0,4,0.5,116
2018,1,9,22,30,0,4,0.5,117
2018,1,9,23,0,0,8,0.5,118
2018,1,9,23,30,0,7,0.5,117
2018,1,10,0,0,0,7,0.5,115
2018,1,10,0,30,0,7,0.5,113
2018,1,10,1,0,0,7,0.5,111
2018,1,10,1,30,0,7,0.5,111
2018,1,10,2,0,0,7,0.6000000000000001,111
2018,1,10,2,30,0,4,0.6000000000000001,112
2018,1,10,3,0,0,4,0.6000000000000001,113
2018,1,10,3,30,0,0,0.6000000000000001,114
2018,1,10,4,0,0,4,0.6000000000000001,115
2018,1,10,4,30,0,4,0.6000000000000001,117
2018,1,10,5,0,0,4,0.6000000000000001,119
2018,1,10,5,30,0,0,0.6000000000000001,123
2018,1,10,6,0,0,0,0.6000000000000001,127
2018,1,10,6,30,0,4,0.7000000000000001,132
2018,1,10,7,0,0,4,0.7000000000000001,136
2018,1,10,7,30,0,4,0.8,143
2018,1,10,8,0,20,4,0.8,149
2018,1,10,8,30,9,4,0.9,156
2018,1,10,9,0,47,4,1.0,164
2018,1,10,9,30,87,4,0.9,167
2018,1,10,10,0,330,4,0.9,170
2018,1,10,10,30,354,4,0.9,174
2018,1,10,11,0,240,4,0.9,177
2018,1,10,11,30,265,4,1.0,182
2018,1,10,12,0,260,4,1.0,187
2018,1,10,12,30,314,4,1.0,188
2018,1,10,13,0,220,4,1.0,189
2018,1,10,13,30,171,7,1.0,188
2018,1,10,14,0,225,4,1.0,188
2018,1,10,14,30,118,7,1.0,188
2018,1,10,15,0,22,4,1.0,188
2018,1,10,15,30,317,3,0.8,184
2018,1,10,16,0,247,4,0.7000000000000001,181
2018,1,10,16,30,127,4,0.8,177
2018,1,10,17,0,25,4,0.8,174
2018,1,10,17,30,0,7,0.8,173
2018,1,10,18,0,0,7,0.8,173
2018,1,10,18,30,0,7,0.8,173
2018,1,10,19,0,0,4,0.8,169
2018,1,10,19,30,0,3,0.8,166
2018,1,10,20,0,0,4,0.9,163
2018,1,10,20,30,0,4,0.9,163
2018,1,10,21,0,0,0,0.9,162
2018,1,10,21,30,0,7,0.9,164
2018,1,10,22,0,0,7,0.9,166
2018,1,10,22,30,0,4,0.9,168
2018,1,10,23,0,0,7,1.0,170
2018,1,10,23,30,0,6,1.0,173
2018,1,11,0,0,0,6,1.0,175
2018,1,11,0,30,0,7,1.1,178
2018,1,11,1,0,0,6,1.1,180
2018,1,11,1,30,0,6,1.1,183
2018,1,11,2,0,0,6,1.1,185
2018,1,11,2,30,0,7,1.1,186
2018,1,11,3,0,0,7,1.1,186
2018,1,11,3,30,0,7,1.1,186
2018,1,11,4,0,0,7,1.1,186
2018,1,11,4,30,0,7,1.2000000000000002,188
2018,1,11,5,0,0,7,1.2000000000000002,190
2018,1,11,5,30,0,7,1.2000000000000002,191
2018,1,11,6,0,0,7,1.2000000000000002,191
2018,1,11,6,30,0,7,1.2000000000000002,191
2018,1,11,7,0,0,7,1.1,190
2018,1,11,7,30,0,7,1.1,186
2018,1,11,8,0,12,4,1.0,183
2018,1,11,8,30,4,4,1.0,181
2018,1,11,9,0,22,4,1.0,178
2018,1,11,9,30,74,4,1.0,173
2018,1,11,10,0,217,4,0.9,168
2018,1,11,10,30,153,4,1.0,166
2018,1,11,11,0,91,7,1.0,164
2018,1,11,11,30,136,7,1.0,163
2018,1,11,12,0,150,7,1.0,163
2018,1,11,12,30,128,7,1.0,163
2018,1,11,13,0,187,4,1.0,164
2018,1,11,13,30,125,7,1.0,165
2018,1,11,14,0,100,4,1.0,165
2018,1,11,14,30,104,7,1.0,164
2018,1,11,15,0,11,6,1.1,164
2018,1,11,15,30,0,6,1.1,164
2018,1,11,16,0,0,7,1.2000000000000002,165
2018,1,11,16,30,0,7,1.2000000000000002,168
2018,1,11,17,0,24,7,1.2000000000000002,170
2018,1,11,17,30,0,6,1.2000000000000002,171
2018,1,11,18,0,0,6,1.2000000000000002,173
2018,1,11,18,30,0,6,1.2000000000000002,173
2018,1,11,19,0,0,6,1.2000000000000002,174
2018,1,11,19,30,0,7,1.1,174
2018,1,11,20,0,0,7,1.1,173
2018,1,11,20,30,0,7,1.1,174
2018,1,11,21,0,0,7,1.1,174
2018,1,11,21,30,0,6,1.1,175
2018,1,11,22,0,0,6,1.0,176
2018,1,11,22,30,0,6,1.1,176
2018,1,11,23,0,0,6,1.1,177
2018,1,11,23,30,0,6,1.1,179
2018,1,12,0,0,0,6,1.1,180
2018,1,12,0,30,0,7,1.1,181
2018,1,12,1,0,0,7,1.0,181
2018,1,12,1,30,0,6,1.0,181
2018,1,12,2,0,0,6,0.9,181
2018,1,12,2,30,0,6,0.8,183
2018,1,12,3,0,0,6,0.7000000000000001,184
2018,1,12,3,30,0,7,0.7000000000000001,186
2018,1,12,4,0,0,7,0.6000000000000001,188
2018,1,12,4,30,0,7,0.7000000000000001,187
2018,1,12,5,0,0,7,0.7000000000000001,186
2018,1,12,5,30,0,7,0.7000000000000001,184
2018,1,12,6,0,0,7,0.7000000000000001,183
2018,1,12,6,30,0,7,0.7000000000000001,182
2018,1,12,7,0,0,7,0.7000000000000001,181
2018,1,12,7,30,0,7,0.7000000000000001,184
2018,1,12,8,0,0,7,0.7000000000000001,186
2018,1,12,8,30,0,7,0.7000000000000001,196
2018,1,12,9,0,0,8,0.6000000000000001,207
2018,1,12,9,30,8,4,0.7000000000000001,240
2018,1,12,10,0,1,4,0.7000000000000001,274
2018,1,12,10,30,0,4,1.0,296
2018,1,12,11,0,0,4,1.3,318
2018,1,12,11,30,0,7,1.5,328
2018,1,12,12,0,0,8,1.7000000000000002,338
2018,1,12,12,30,1,7,1.7000000000000002,342
2018,1,12,13,0,1,7,1.7000000000000002,346
2018,1,12,13,30,0,7,1.8,347
2018,1,12,14,0,0,6,1.8,349
2018,1,12,14,30,0,6,1.9000000000000001,354
2018,1,12,15,0,0,6,2.0,358
2018,1,12,15,30,0,6,2.0,182
2018,1,12,16,0,0,6,2.0,6
2018,1,12,16,30,0,4,2.0,3
2018,1,12,17,0,4,7,1.9000000000000001,1
2018,1,12,17,30,0,7,2.0,178
2018,1,12,18,0,0,7,2.2,355
2018,1,12,18,30,0,6,2.2,355
2018,1,12,19,0,0,6,2.2,0
2018,1,12,19,30,0,7,2.1,179
2018,1,12,20,0,0,7,2.0,358
2018,1,12,20,30,0,7,2.0,358
2018,1,12,21,0,0,7,1.9000000000000001,357
2018,1,12,21,30,0,6,1.9000000000000001,357
2018,1,12,22,0,0,6,2.0,357
2018,1,12,22,30,0,6,2.0,358
2018,1,12,23,0,0,9,2.1,358
2018,1,12,23,30,0,6,2.1,358
2018,1,13,0,0,0,7,2.1,358
2018,1,13,0,30,0,6,2.0,353
2018,1,13,1,0,0,7,2.0,349
2018,1,13,1,30,0,7,2.0,344
2018,1,13,2,0,0,4,2.0,340
2018,1,13,2,30,0,7,2.0,340
2018,1,13,3,0,0,7,2.0,340
2018,1,13,3,30,0,7,1.9000000000000001,342
2018,1,13,4,0,0,7,1.9000000000000001,344
2018,1,13,4,30,0,7,1.9000000000000001,344
2018,1,13,5,0,0,7,1.8,344
2018,1,13,5,30,0,4,1.8,343
2018,1,13,6,0,0,4,1.7000000000000002,343
2018,1,13,6,30,0,4,1.7000000000000002,343
2018,1,13,7,0,0,4,1.6,343
2018,1,13,7,30,0,4,1.6,343
2018,1,13,8,0,6,4,1.6,343
2018,1,13,8,30,10,4,1.6,344
2018,1,13,9,0,39,4,1.7000000000000002,345
2018,1,13,9,30,109,4,1.7000000000000002,344
2018,1,13,10,0,64,4,1.7000000000000002,344
2018,1,13,10,30,4,4,1.7000000000000002,343
2018,1,13,11,0,49,4,1.6,341
2018,1,13,11,30,39,4,1.6,338
2018,1,13,12,0,57,4,1.5,335
2018,1,13,12,30,47,4,1.5,333
2018,1,13,13,0,30,4,1.4000000000000001,331
2018,1,13,13,30,5,4,1.4000000000000001,331
2018,1,13,14,0,15,7,1.4000000000000001,332
2018,1,13,14,30,25,7,1.4000000000000001,332
2018,1,13,15,0,15,7,1.4000000000000001,333
2018,1,13,15,30,31,7,1.4000000000000001,333
2018,1,13,16,0,26,7,1.3,332
2018,1,13,16,30,15,7,1.3,332
2018,1,13,17,0,13,4,1.2000000000000002,332
2018,1,13,17,30,0,4,1.2000000000000002,333
2018,1,13,18,0,0,4,1.1,334
2018,1,13,18,30,0,4,1.1,334
2018,1,13,19,0,0,4,1.0,335
2018,1,13,19,30,0,4,1.0,335
2018,1,13,20,0,0,4,0.9,336
2018,1,13,20,30,0,4,0.9,337
2018,1,13,21,0,0,4,0.8,337
2018,1,13,21,30,0,4,0.8,338
2018,1,13,22,0,0,4,0.7000000000000001,339
2018,1,13,22,30,0,4,0.7000000000000001,340
2018,1,13,23,0,0,4,0.7000000000000001,341
2018,1,13,23,30,0,4,0.7000000000000001,343
2018,1,14,0,0,0,4,0.6000000000000001,344
2018,1,14,0,30,0,4,0.6000000000000001,345
2018,1,14,1,0,0,4,0.6000000000000001,347
2018,1,14,1,30,0,4,0.7000000000000001,349
2018,1,14,2,0,0,4,0.8,350
2018,1,14,2,30,0,4,0.8,352
2018,1,14,3,0,0,4,0.8,353
2018,1,14,3,30,0,4,0.8,355
2018,1,14,4,0,0,4,0.8,356
2018,1,14,4,30,0,4,0.7000000000000001,178
2018,1,14,5,0,0,4,0.7000000000000001,1
2018,1,14,5,30,0,4,0.7000000000000001,4
2018,1,14,6,0,0,4,0.6000000000000001,8
2018,1,14,6,30,0,4,0.6000000000000001,14
2018,1,14,7,0,0,4,0.6000000000000001,20
2018,1,14,7,30,0,4,0.5,28
2018,1,14,8,0,52,4,0.4,37
2018,1,14,8,30,192,4,0.30000000000000004,51
2018,1,14,9,0,337,4,0.2,65
2018,1,14,9,30,489,4,0.2,79
2018,1,14,10,0,692,4,0.2,93
2018,1,14,10,30,780,4,0.2,101
2018,1,14,11,0,838,4,0.30000000000000004,109
2018,1,14,11,30,607,4,0.30000000000000004,112
2018,1,14,12,0,364,4,0.30000000000000004,116
2018,1,14,12,30,392,4,0.30000000000000004,116
2018,1,14,13,0,516,4,0.30000000000000004,116
2018,1,14,13,30,448,4,0.4,114
2018,1,14,14,0,772,4,0.4,113
2018,1,14,14,30,825,4,0.4,112
2018,1,14,15,0,706,4,0.4,112
2018,1,14,15,30,558,4,0.5,109
2018,1,14,16,0,411,4,0.6000000000000001,107
2018,1,14,16,30,279,4,0.8,104
2018,1,14,17,0,109,4,0.9,102
2018,1,14,17,30,0,8,1.0,103
2018,1,14,18,0,0,8,1.0,104
2018,1,14,18,30,0,7,1.0,104
2018,1,14,19,0,0,7,1.0,113
2018,1,14,19,30,0,7,1.0,116
2018,1,14,20,0,0,7,1.0,119
2018,1,14,20,30,0,7,1.0,116
2018,1,14,21,0,0,7,0.9,113
2018,1,14,21,30,0,7,0.9,108
2018,1,14,22,0,0,7,0.9,103
2018,1,14,22,30,0,7,0.9,101
2018,1,14,23,0,0,7,0.9,100
2018,1,14,23,30,0,7,1.0,101
2018,1,15,0,0,0,7,1.0,102
2018,1,15,0,30,0,7,0.9,105
2018,1,15,1,0,0,7,0.9,107
2018,1,15,1,30,0,7,0.9,110
2018,1,15,2,0,0,7,0.9,112
2018,1,15,2,30,0,7,0.9,116
2018,1,15,3,0,0,7,1.0,120
2018,1,15,3,30,0,7,1.0,123
2018,1,15,4,0,0,7,1.0,126
2018,1,15,4,30,0,7,0.9,129
2018,1,15,5,0,0,7,0.9,131
2018,1,15,5,30,0,7,0.8,133
2018,1,15,6,0,0,7,0.7000000000000001,135
2018,1,15,6,30,0,7,0.7000000000000001,136
2018,1,15,7,0,0,7,0.7000000000000001,138
2018,1,15,7,30,0,7,0.8,142
2018,1,15,8,0,34,7,0.8,147
2018,1,15,8,30,97,7,0.9,150
2018,1,15,9,0,150,7,1.0,154
2018,1,15,9,30,210,7,1.1,156
2018,1,15,10,0,382,7,1.1,159
2018,1,15,10,30,612,8,1.2000000000000002,162
2018,1,15,11,0,634,7,1.2000000000000002,166
2018,1,15,11,30,591,4,1.2000000000000002,169
2018,1,15,12,0,257,4,1.2000000000000002,172
2018,1,15,12,30,170,4,1.2000000000000002,173
2018,1,15,13,0,346,8,1.2000000000000002,174
2018,1,15,13,30,340,8,1.1,173
2018,1,15,14,0,400,8,1.1,172
2018,1,15,14,30,514,4,1.0,171
2018,1,15,15,0,361,7,0.9,169
2018,1,15,15,30,98,7,0.9,167
2018,1,15,16,0,96,7,0.8,165
2018,1,15,16,30,66,7,0.8,162
2018,1,15,17,0,38,7,0.7000000000000001,158
2018,1,15,17,30,5,7,0.7000000000000001,159
2018,1,15,18,0,0,7,0.7000000000000001,159
2018,1,15,18,30,0,7,0.7000000000000001,159
2018,1,15,19,0,0,7,0.6000000000000001,170
2018,1,15,19,30,0,7,0.6000000000000001,177
2018,1,15,20,0,0,8,0.6000000000000001,185
2018,1,15,20,30,0,7,0.6000000000000001,193
2018,1,15,21,0,0,8,0.6000000000000001,200
2018,1,15,21,30,0,8,0.5,209
2018,1,15,22,0,0,8,0.5,218
2018,1,15,22,30,0,8,0.5,228
2018,1,15,23,0,0,8,0.6000000000000001,238
2018,1,15,23,30,0,8,0.5,243
2018,1,16,0,0,0,8,0.5,249
2018,1,16,0,30,0,8,0.4,253
2018,1,16,1,0,0,8,0.4,257
2018,1,16,1,30,0,4,0.4,261
2018,1,16,2,0,0,4,0.5,266
2018,1,16,2,30,0,4,0.5,271
2018,1,16,3,0,0,4,0.6000000000000001,275
2018,1,16,3,30,0,4,0.6000000000000001,277
2018,1,16,4,0,0,4,0.6000000000000001,280
2018,1,16,4,30,0,4,0.6000000000000001,278
2018,1,16,5,0,0,4,0.6000000000000001,277
2018,1,16,5,30,0,7,0.6000000000000001,274
2018,1,16,6,0,0,7,0.6000000000000001,271
2018,1,16,6,30,0,7,0.6000000000000001,269
2018,1,16,7,0,0,7,0.6000000000000001,267
2018,1,16,7,30,0,7,0.7000000000000001,266
2018,1,16,8,0,10,7,0.8,265
2018,1,16,8,30,98,4,0.9,262
2018,1,16,9,0,215,4,1.0,260
2018,1,16,9,30,131,7,1.0,258
2018,1,16,10,0,84,7,1.0,256
2018,1,16,10,30,584,4,1.0,255
2018,1,16,11,0,502,4,1.0,253
2018,1,16,11,30,309,7,1.1,253
2018,1,16,12,0,410,7,1.1,253
2018,1,16,12,30,593,8,1.1,254
2018,1,16,13,0,654,7,1.1,254
2018,1,16,13,30,552,7,1.1,255
2018,1,16,14,0,552,7,1.0,256
2018,1,16,14,30,595,4,1.0,258
2018,1,16,15,0,523,4,1.0,260
2018,1,16,15,30,482,4,0.9,263
2018,1,16,16,0,431,4,0.8,266
2018,1,16,16,30,308,4,0.8,270
2018,1,16,17,0,151,4,0.8,274
2018,1,16,17,30,33,8,1.0,277
2018,1,16,18,0,0,8,1.1,279
2018,1,16,18,30,0,8,1.1,279
2018,1,16,19,0,0,4,1.2000000000000002,282
2018,1,16,19,30,0,4,1.2000000000000002,282
2018,1,16,20,0,0,4,1.2000000000000002,281
2018,1,16,20,30,0,8,1.1,281
2018,1,16,21,0,0,8,1.1,281
2018,1,16,21,30,0,8,1.0,281
2018,1,16,22,0,0,8,0.9,281
2018,1,16,22,30,0,8,0.8,281
2018,1,16,23,0,0,8,0.8,281
2018,1,16,23,30,0,8,0.7000000000000001,281
2018,1,17,0,0,0,4,0.7000000000000001,281
2018,1,17,0,30,0,4,0.7000000000000001,280
2018,1,17,1,0,0,4,0.7000000000000001,279
2018,1,17,1,30,0,4,0.7000000000000001,278
2018,1,17,2,0,0,4,0.7000000000000001,277
2018,1,17,2,30,0,4,0.8,277
2018,1,17,3,0,0,0,0.8,277
2018,1,17,3,30,0,4,0.8,277
2018,1,17,4,0,0,4,0.8,277
2018,1,17,4,30,0,4,0.8,277
2018,1,17,5,0,0,0,0.8,277
2018,1,17,5,30,0,0,0.7000000000000001,274
2018,1,17,6,0,0,0,0.7000000000000001,271
2018,1,17,6,30,0,0,0.7000000000000001,267
2018,1,17,7,0,0,4,0.7000000000000001,263
2018,1,17,7,30,0,4,0.6000000000000001,260
2018,1,17,8,0,133,0,0.6000000000000001,256
2018,1,17,8,30,192,4,0.6000000000000001,255
2018,1,17,9,0,125,4,0.7000000000000001,254
2018,1,17,9,30,182,4,0.7000000000000001,253
2018,1,17,10,0,181,4,0.7000000000000001,253
2018,1,17,10,30,230,4,0.8,254
2018,1,17,11,0,355,4,0.8,255
2018,1,17,11,30,214,4,0.8,256
2018,1,17,12,0,173,4,0.8,257
2018,1,17,12,30,321,4,0.8,259
2018,1,17,13,0,351,4,0.9,260
2018,1,17,13,30,399,4,0.9,261
2018,1,17,14,0,664,4,0.9,261
2018,1,17,14,30,816,4,0.9,260
2018,1,17,15,0,756,4,0.9,259
2018,1,17,15,30,619,0,0.8,254
2018,1,17,16,0,409,4,0.7000000000000001,249
2018,1,17,16,30,280,4,0.7000000000000001,242
2018,1,17,17,0,121,4,0.7000000000000001,235
2018,1,17,17,30,19,4,0.7000000000000001,232
2018,1,17,18,0,0,4,0.8,230
2018,1,17,18,30,0,4,0.8,230
2018,1,17,19,0,0,0,0.8,228
2018,1,17,19,30,0,0,0.8,226
2018,1,17,20,0,0,0,0.8,225
2018,1,17,20,30,0,0,0.8,222
2018,1,17,21,0,0,0,0.8,219
2018,1,17,21,30,0,4,0.9,218
2018,1,17,22,0,0,4,0.9,217
2018,1,17,22,30,0,4,0.9,219
2018,1,17,23,0,0,4,0.9,221
2018,1,17,23,30,0,4,0.9,224
2018,1,18,0,0,0,4,1.0,226
2018,1,18,0,30,0,4,1.0,228
2018,1,18,1,0,0,4,1.1,230
2018,1,18,1,30,0,4,1.1,229
2018,1,18,2,0,0,4,1.1,228
2018,1,18,2,30,0,4,1.1,228
2018,1,18,3,0,0,4,1.1,228
2018,1,18,3,30,0,4,1.1,227
2018,1,18,4,0,0,4,1.1,226
2018,1,18,4,30,0,4,1.2000000000000002,226
2018,1,18,5,0,0,4,1.2000000000000002,227
2018,1,18,5,30,0,4,1.2000000000000002,229
2018,1,18,6,0,0,4,1.2000000000000002,230
2018,1,18,6,30,0,0,1.2000000000000002,230
2018,1,18,7,0,0,0,1.2000000000000002,230
2018,1,18,7,30,0,0,1.3,229
2018,1,18,8,0,94,4,1.3,229
2018,1,18,8,30,249,4,1.4000000000000001,230
2018,1,18,9,0,352,4,1.5,230
2018,1,18,9,30,522,4,1.5,231
2018,1,18,10,0,812,0,1.6,232
2018,1,18,10,30,832,0,1.6,232
2018,1,18,11,0,741,0,1.6,232
2018,1,18,11,30,833,0,1.6,233
2018,1,18,12,0,661,0,1.6,233
2018,1,18,12,30,620,4,1.6,234
2018,1,18,13,0,754,0,1.6,234
2018,1,18,13,30,917,0,1.6,235
2018,1,18,14,0,903,0,1.6,236
2018,1,18,14,30,878,0,1.5,235
2018,1,18,15,0,841,0,1.5,235
2018,1,18,15,30,741,0,1.4000000000000001,234
2018,1,18,16,0,398,4,1.3,232
2018,1,18,16,30,354,4,1.2000000000000002,231
2018,1,18,17,0,319,0,1.2000000000000002,230
2018,1,18,17,30,25,0,1.2000000000000002,228
2018,1,18,18,0,0,0,1.2000000000000002,227
2018,1,18,18,30,0,0,1.2000000000000002,227
2018,1,18,19,0,0,0,1.2000000000000002,222
2018,1,18,19,30,0,0,1.2000000000000002,220
2018,1,18,20,0,0,0,1.2000000000000002,217
2018,1,18,20,30,0,0,1.3,217
2018,1,18,21,0,0,0,1.3,216
2018,1,18,21,30,0,0,1.3,216
2018,1,18,22,0,0,0,1.3,216
2018,1,18,22,30,0,0,1.3,217
2018,1,18,23,0,0,0,1.3,217
2018,1,18,23,30,0,0,1.3,218
2018,1,19,0,0,0,0,1.3,218
2018,1,19,0,30,0,0,1.2000000000000002,220
2018,1,19,1,0,0,0,1.2000000000000002,222
2018,1,19,1,30,0,4,1.1,223
2018,1,19,2,0,0,4,1.1,224
2018,1,19,2,30,0,4,1.1,222
2018,1,19,3,0,0,4,1.1,221
2018,1,19,3,30,0,4,1.1,219
2018,1,19,4,0,0,0,1.1,218
2018,1,19,4,30,0,0,1.1,216
2018,1,19,5,0,0,4,1.1,215
2018,1,19,5,30,0,0,1.0,214
2018,1,19,6,0,0,0,1.0,213
2018,1,19,6,30,0,4,1.0,210
2018,1,19,7,0,0,4,1.0,207
2018,1,19,7,30,0,4,1.0,205
2018,1,19,8,0,55,4,1.1,202
2018,1,19,8,30,141,4,1.2000000000000002,204
2018,1,19,9,0,318,4,1.3,205
2018,1,19,9,30,603,0,1.4000000000000001,208
2018,1,19,10,0,799,0,1.4000000000000001,211
2018,1,19,10,30,841,0,1.4000000000000001,212
2018,1,19,11,0,871,0,1.5,212
2018,1,19,11,30,892,0,1.5,211
2018,1,19,12,0,904,0,1.5,210
2018,1,19,12,30,905,0,1.5,211
2018,1,19,13,0,865,0,1.6,212
2018,1,19,13,30,892,0,1.5,212
2018,1,19,14,0,876,0,1.5,212
2018,1,19,14,30,852,0,1.5,212
2018,1,19,15,0,814,0,1.4000000000000001,211
2018,1,19,15,30,760,0,1.4000000000000001,210
2018,1,19,16,0,681,0,1.3,209
2018,1,19,16,30,561,0,1.3,208
2018,1,19,17,0,358,0,1.2000000000000002,207
2018,1,19,17,30,37,0,1.2000000000000002,205
2018,1,19,18,0,0,0,1.2000000000000002,204
2018,1,19,18,30,0,0,1.2000000000000002,204
2018,1,19,19,0,0,0,1.3,203
2018,1,19,19,30,0,0,1.3,203
2018,1,19,20,0,0,4,1.3,203
2018,1,19,20,30,0,0,1.3,204
2018,1,19,21,0,0,0,1.4000000000000001,205
2018,1,19,21,30,0,0,1.4000000000000001,207
2018,1,19,22,0,0,0,1.4000000000000001,209
2018,1,19,22,30,0,0,1.4000000000000001,210
2018,1,19,23,0,0,0,1.4000000000000001,211
2018,1,19,23,30,0,0,1.5,212
2018,1,20,0,0,0,0,1.5,213
2018,1,20,0,30,0,0,1.5,214
2018,1,20,1,0,0,0,1.5,215
2018,1,20,1,30,0,0,1.5,217
2018,1,20,2,0,0,0,1.4000000000000001,219
2018,1,20,2,30,0,4,1.4000000000000001,221
2018,1,20,3,0,0,4,1.3,223
2018,1,20,3,30,0,4,1.3,223
2018,1,20,4,0,0,0,1.3,223
2018,1,20,4,30,0,4,1.3,222
2018,1,20,5,0,0,4,1.2000000000000002,221
2018,1,20,5,30,0,4,1.2000000000000002,221
2018,1,20,6,0,0,0,1.2000000000000002,220
2018,1,20,6,30,0,7,1.1,220
2018,1,20,7,0,0,4,1.1,220
2018,1,20,7,30,0,7,1.1,219
2018,1,20,8,0,93,4,1.1,219
2018,1,20,8,30,262,4,1.2000000000000002,217
2018,1,20,9,0,450,4,1.2000000000000002,216
2018,1,20,9,30,625,0,1.3,219
2018,1,20,10,0,726,0,1.3,222
2018,1,20,10,30,784,0,1.3,226
2018,1,20,11,0,825,0,1.3,231
2018,1,20,11,30,891,0,1.3,233
2018,1,20,12,0,812,7,1.2000000000000002,236
2018,1,20,12,30,785,0,1.2000000000000002,236
2018,1,20,13,0,753,0,1.2000000000000002,236
2018,1,20,13,30,778,7,1.2000000000000002,235
2018,1,20,14,0,762,7,1.2000000000000002,234
2018,1,20,14,30,744,7,1.1,232
2018,1,20,15,0,717,7,1.0,231
2018,1,20,15,30,651,7,0.9,230
2018,1,20,16,0,600,7,0.8,229
2018,1,20,16,30,322,4,0.9,230
2018,1,20,17,0,247,7,0.9,231
2018,1,20,17,30,43,7,0.9,233
2018,1,20,18,0,0,4,0.9,234
2018,1,20,18,30,0,4,0.9,234
2018,1,20,19,0,0,0,0.9,237
2018,1,20,19,30,0,0,0.9,236
2018,1,20,20,0,0,0,0.8,235
2018,1,20,20,30,0,0,0.8,232
2018,1,20,21,0,0,0,0.7000000000000001,229
2018,1,20,21,30,0,4,0.7000000000000001,226
2018,1,20,22,0,0,4,0.6000000000000001,223
2018,1,20,22,30,0,4,0.6000000000000001,223
2018,1,20,23,0,0,3,0.6000000000000001,224
2018,1,20,23,30,0,4,0.7000000000000001,228
2018,1,21,0,0,0,4,0.7000000000000001,231
2018,1,21,0,30,0,4,0.7000000000000001,232
2018,1,21,1,0,0,4,0.7000000000000001,233
2018,1,21,1,30,0,3,0.7000000000000001,235
2018,1,21,2,0,0,4,0.8,238
2018,1,21,2,30,0,4,0.7000000000000001,239
2018,1,21,3,0,0,4,0.7000000000000001,239
2018,1,21,3,30,0,4,0.7000000000000001,239
2018,1,21,4,0,0,4,0.6000000000000001,240
2018,1,21,4,30,0,4,0.6000000000000001,240
2018,1,21,5,0,0,4,0.6000000000000001,240
2018,1,21,5,30,0,4,0.6000000000000001,241
2018,1,21,6,0,0,4,0.6000000000000001,241
2018,1,21,6,30,0,4,0.6000000000000001,240
2018,1,21,7,0,0,4,0.6000000000000001,239
2018,1,21,7,30,0,4,0.6000000000000001,236
2018,1,21,8,0,13,4,0.6000000000000001,234
2018,1,21,8,30,1,4,0.7000000000000001,231
2018,1,21,9,0,8,4,0.7000000000000001,228
2018,1,21,9,30,24,4,0.7000000000000001,225
2018,1,21,10,0,32,4,0.7000000000000001,223
2018,1,21,10,30,44,4,0.7000000000000001,220
2018,1,21,11,0,128,4,0.8,218
2018,1,21,11,30,231,4,0.8,217
2018,1,21,12,0,348,4,0.8,216
2018,1,21,12,30,190,4,0.8,215
2018,1,21,13,0,79,4,0.8,214
2018,1,21,13,30,86,4,0.8,214
2018,1,21,14,0,61,4,0.8,215
2018,1,21,14,30,45,4,0.8,216
2018,1,21,15,0,9,7,0.8,217
2018,1,21,15,30,13,7,0.7000000000000001,218
2018,1,21,16,0,0,7,0.7000000000000001,220
2018,1,21,16,30,0,4,0.7000000000000001,221
2018,1,21,17,0,0,7,0.7000000000000001,222
2018,1,21,17,30,9,7,0.7000000000000001,222
2018,1,21,18,0,0,7,0.6000000000000001,222
2018,1,21,18,30,0,7,0.6000000000000001,222
2018,1,21,19,0,0,7,0.5,218
2018,1,21,19,30,0,7,0.5,216
2018,1,21,20,0,0,7,0.5,214
2018,1,21,20,30,0,7,0.5,212
2018,1,21,21,0,0,7,0.5,210
2018,1,21,21,30,0,7,0.5,208
2018,1,21,22,0,0,7,0.5,205
2018,1,21,22,30,0,7,0.6000000000000001,203
2018,1,21,23,0,0,7,0.6000000000000001,201
2018,1,21,23,30,0,7,0.6000000000000001,202
2018,1,22,0,0,0,4,0.6000000000000001,202
2018,1,22,0,30,0,7,0.6000000000000001,201
2018,1,22,1,0,0,7,0.6000000000000001,199
2018,1,22,1,30,0,7,0.7000000000000001,195
2018,1,22,2,0,0,7,0.7000000000000001,191
2018,1,22,2,30,0,7,0.7000000000000001,188
2018,1,22,3,0,0,7,0.7000000000000001,185
2018,1,22,3,30,0,7,0.7000000000000001,184
2018,1,22,4,0,0,7,0.7000000000000001,184
2018,1,22,4,30,0,7,0.8,189
2018,1,22,5,0,0,7,0.8,193
2018,1,22,5,30,0,7,0.8,190
2018,1,22,6,0,0,7,0.7000000000000001,186
2018,1,22,6,30,0,7,0.8,179
2018,1,22,7,0,0,7,0.8,171
2018,1,22,7,30,0,7,0.9,167
2018,1,22,8,0,16,7,1.0,164
2018,1,22,8,30,21,7,1.0,165
2018,1,22,9,0,49,6,1.0,165
2018,1,22,9,30,46,7,1.0,164
2018,1,22,10,0,259,7,1.0,163
2018,1,22,10,30,77,4,0.9,159
2018,1,22,11,0,161,4,0.9,156
2018,1,22,11,30,129,4,0.9,156
2018,1,22,12,0,139,7,0.9,155
2018,1,22,12,30,128,6,0.9,154
2018,1,22,13,0,120,7,0.9,153
2018,1,22,13,30,135,7,0.9,152
2018,1,22,14,0,133,7,0.9,152
2018,1,22,14,30,88,7,0.9,152
2018,1,22,15,0,19,7,0.9,152
2018,1,22,15,30,1,6,0.9,153
2018,1,22,16,0,0,6,0.9,154
2018,1,22,16,30,0,7,1.0,161
2018,1,22,17,0,0,6,1.1,168
2018,1,22,17,30,1,7,1.3,176
2018,1,22,18,0,0,6,1.5,184
2018,1,22,18,30,0,6,1.5,184
2018,1,22,19,0,0,4,1.5,176
2018,1,22,19,30,0,4,1.5,176
2018,1,22,20,0,0,4,1.5,176
2018,1,22,20,30,0,4,1.5,173
2018,1,22,21,0,0,3,1.5,170
2018,1,22,21,30,0,3,1.6,169
2018,1,22,22,0,0,4,1.7000000000000002,169
2018,1,22,22,30,0,4,1.7000000000000002,175
2018,1,22,23,0,0,4,1.7000000000000002,181
2018,1,22,23,30,0,7,1.5,183
2018,1,23,0,0,0,8,1.3,185
2018,1,23,0,30,0,8,1.2000000000000002,198
2018,1,23,1,0,0,8,1.2000000000000002,211
2018,1,23,1,30,0,8,1.2000000000000002,221
2018,1,23,2,0,0,7,1.1,231
2018,1,23,2,30,0,8,1.1,235
2018,1,23,3,0,0,4,1.0,238
2018,1,23,3,30,0,4,0.9,239
2018,1,23,4,0,0,4,0.9,240
2018,1,23,4,30,0,4,1.1,243
2018,1,23,5,0,0,4,1.2000000000000002,245
2018,1,23,5,30,0,4,1.2000000000000002,242
2018,1,23,6,0,0,0,1.1,239
2018,1,23,6,30,0,4,1.1,231
2018,1,23,7,0,0,4,1.1,223
2018,1,23,7,30,0,0,1.2000000000000002,220
2018,1,23,8,0,0,4,1.3,216
2018,1,23,8,30,0,4,1.4000000000000001,219
2018,1,23,9,0,0,4,1.6,223
2018,1,23,9,30,0,4,1.8,229
2018,1,23,10,0,0,4,2.0,236
2018,1,23,10,30,94,4,2.1,239
2018,1,23,11,0,116,4,2.2,241
2018,1,23,11,30,64,4,2.1,241
2018,1,23,12,0,161,4,2.1,241
2018,1,23,12,30,128,4,2.1,241
2018,1,23,13,0,13,4,2.1,241
2018,1,23,13,30,0,4,2.1,242
2018,1,23,14,0,0,4,2.1,243
2018,1,23,14,30,0,4,2.0,243
2018,1,23,15,0,0,4,1.9000000000000001,243
2018,1,23,15,30,0,4,1.8,242
2018,1,23,16,0,0,4,1.8,242
2018,1,23,16,30,0,4,1.7000000000000002,244
2018,1,23,17,0,0,4,1.7000000000000002,247
2018,1,23,17,30,0,4,1.7000000000000002,252
2018,1,23,18,0,0,4,1.7000000000000002,258
2018,1,23,18,30,0,4,1.7000000000000002,258
2018,1,23,19,0,0,4,1.7000000000000002,268
2018,1,23,19,30,0,4,1.6,271
2018,1,23,20,0,0,4,1.6,273
2018,1,23,20,30,0,4,1.5,275
2018,1,23,21,0,0,4,1.4000000000000001,276
2018,1,23,21,30,0,4,1.4000000000000001,276
2018,1,23,22,0,0,4,1.3,277
2018,1,23,22,30,0,4,1.3,278
2018,1,23,23,0,0,4,1.2000000000000002,279
2018,1,23,23,30,0,4,1.2000000000000002,280
2018,1,24,0,0,0,4,1.1,281
2018,1,24,0,30,0,4,1.1,282
2018,1,24,1,0,0,4,1.1,284
2018,1,24,1,30,0,4,1.0,286
2018,1,24,2,0,0,4,1.0,287
2018,1,24,2,30,0,4,1.0,290
2018,1,24,3,0,0,4,1.0,293
2018,1,24,3,30,0,4,1.0,296
2018,1,24,4,0,0,4,0.9,298
2018,1,24,4,30,0,4,0.9,300
2018,1,24,5,0,0,8,0.9,301
2018,1,24,5,30,0,4,0.8,300
2018,1,24,6,0,0,4,0.8,300
2018,1,24,6,30,0,4,0.7000000000000001,299
2018,1,24,7,0,0,4,0.7000000000000001,298
2018,1,24,7,30,0,4,0.7000000000000001,300
2018,1,24,8,0,0,4,0.8,301
2018,1,24,8,30,0,4,0.9,304
2018,1,24,9,0,0,4,0.9,307
2018,1,24,9,30,0,4,1.0,304
2018,1,24,10,0,0,4,1.0,302
2018,1,24,10,30,0,4,1.0,300
2018,1,24,11,0,0,4,1.1,298
2018,1,24,11,30,0,4,1.1,297
2018,1,24,12,0,0,4,1.1,296
2018,1,24,12,30,0,4,1.1,296
2018,1,24,13,0,0,4,1.1,295
2018,1,24,13,30,0,4,1.1,295
2018,1,24,14,0,0,4,1.1,294
2018,1,24,14,30,4,8,1.0,294
2018,1,24,15,0,0,4,1.0,294
2018,1,24,15,30,1,4,0.9,298
2018,1,24,16,0,0,7,0.7000000000000001,301
2018,1,24,16,30,0,4,0.7000000000000001,306
2018,1,24,17,0,0,4,0.6000000000000001,310
2018,1,24,17,30,13,4,0.6000000000000001,314
2018,1,24,18,0,0,7,0.7000000000000001,317
2018,1,24,18,30,0,7,0.7000000000000001,317
2018,1,24,19,0,0,8,0.7000000000000001,326
2018,1,24,19,30,0,8,0.7000000000000001,328
2018,1,24,20,0,0,8,0.7000000000000001,331
2018,1,24,20,30,0,7,0.6000000000000001,333
2018,1,24,21,0,0,7,0.5,334
2018,1,24,21,30,0,7,0.5,332
2018,1,24,22,0,0,4,0.5,330
2018,1,24,22,30,0,4,0.6000000000000001,324
2018,1,24,23,0,0,7,0.6000000000000001,319
2018,1,24,23,30,0,4,0.6000000000000001,317
2018,1,25,0,0,0,4,0.7000000000000001,315
2018,1,25,0,30,0,4,0.6000000000000001,313
2018,1,25,1,0,0,4,0.6000000000000001,311
2018,1,25,1,30,0,4,0.6000000000000001,310
2018,1,25,2,0,0,4,0.6000000000000001,309
2018,1,25,2,30,0,4,0.6000000000000001,309
2018,1,25,3,0,0,4,0.6000000000000001,308
2018,1,25,3,30,0,4,0.6000000000000001,307
2018,1,25,4,0,0,4,0.6000000000000001,307
2018,1,25,4,30,0,4,0.5,305
2018,1,25,5,0,0,4,0.4,303
2018,1,25,5,30,0,4,0.30000000000000004,297
2018,1,25,6,0,0,4,0.30000000000000004,292
2018,1,25,6,30,0,4,0.30000000000000004,284
2018,1,25,7,0,0,4,0.30000000000000004,277
2018,1,25,7,30,0,4,0.4,277
2018,1,25,8,0,29,4,0.5,276
2018,1,25,8,30,0,4,0.6000000000000001,278
2018,1,25,9,0,2,4,0.7000000000000001,280
2018,1,25,9,30,10,4,0.7000000000000001,274
2018,1,25,10,0,25,4,0.7000000000000001,269
2018,1,25,10,30,38,4,0.7000000000000001,264
2018,1,25,11,0,82,4,0.8,259
2018,1,25,11,30,93,4,0.8,255
2018,1,25,12,0,136,4,0.8,250
2018,1,25,12,30,102,4,0.8,248
2018,1,25,13,0,45,4,0.8,245
2018,1,25,13,30,39,4,0.8,243
2018,1,25,14,0,53,4,0.8,241
2018,1,25,14,30,145,4,0.7000000000000001,232
2018,1,25,15,0,180,4,0.7000000000000001,224
2018,1,25,15,30,249,4,0.5,212
2018,1,25,16,0,550,0,0.4,200
2018,1,25,16,30,298,4,0.4,189
2018,1,25,17,0,69,4,0.4,177
2018,1,25,17,30,15,4,0.5,175
2018,1,25,18,0,0,4,0.6000000000000001,172
2018,1,25,18,30,0,0,0.6000000000000001,172
2018,1,25,19,0,0,0,0.7000000000000001,169
2018,1,25,19,30,0,0,0.7000000000000001,166
2018,1,25,20,0,0,0,0.7000000000000001,163
2018,1,25,20,30,0,0,0.7000000000000001,160
2018,1,25,21,0,0,0,0.7000000000000001,158
2018,1,25,21,30,0,0,0.7000000000000001,155
2018,1,25,22,0,0,0,0.7000000000000001,152
2018,1,25,22,30,0,0,0.7000000000000001,152
2018,1,25,23,0,0,0,0.7000000000000001,151
2018,1,25,23,30,0,0,0.7000000000000001,152
2018,1,26,0,0,0,0,0.7000000000000001,153
2018,1,26,0,30,0,0,0.8,154
2018,1,26,1,0,0,0,0.8,156
2018,1,26,1,30,0,0,0.8,158
2018,1,26,2,0,0,0,0.8,160
2018,1,26,2,30,0,0,0.8,162
2018,1,26,3,0,0,0,0.8,165
2018,1,26,3,30,0,0,0.8,166
2018,1,26,4,0,0,0,0.8,167
2018,1,26,4,30,0,0,0.8,170
2018,1,26,5,0,0,0,0.8,172
2018,1,26,5,30,0,0,0.8,174
2018,1,26,6,0,0,0,0.9,176
2018,1,26,6,30,0,0,0.9,178
2018,1,26,7,0,0,0,0.9,179
2018,1,26,7,30,0,0,1.0,180
2018,1,26,8,0,210,0,1.1,181
2018,1,26,8,30,511,0,1.1,181
2018,1,26,9,0,541,0,1.1,182
2018,1,26,9,30,753,0,1.1,187
2018,1,26,10,0,822,0,1.2000000000000002,192
2018,1,26,10,30,863,0,1.2000000000000002,198
2018,1,26,11,0,891,0,1.3,203
2018,1,26,11,30,911,0,1.3,205
2018,1,26,12,0,906,0,1.3,206
2018,1,26,12,30,913,0,1.3,205
2018,1,26,13,0,932,0,1.3,205
2018,1,26,13,30,925,0,1.2000000000000002,202
2018,1,26,14,0,911,0,1.2000000000000002,200
2018,1,26,14,30,889,0,1.1,197
2018,1,26,15,0,856,0,1.0,195
2018,1,26,15,30,813,0,0.9,191
2018,1,26,16,0,748,0,0.8,187
2018,1,26,16,30,644,0,0.8,185
2018,1,26,17,0,478,0,0.8,182
2018,1,26,17,30,132,0,0.9,180
2018,1,26,18,0,0,0,0.9,177
2018,1,26,18,30,0,0,0.9,177
2018,1,26,19,0,0,0,0.9,175
2018,1,26,19,30,0,0,0.9,175
2018,1,26,20,0,0,0,0.9,175
2018,1,26,20,30,0,0,1.0,176
2018,1,26,21,0,0,0,1.0,177
2018,1,26,21,30,0,0,1.1,177
2018,1,26,22,0,0,4,1.1,178
2018,1,26,22,30,0,4,1.1,178
2018,1,26,23,0,0,4,1.2000000000000002,178
2018,1,26,23,30,0,7,1.2000000000000002,179
2018,1,27,0,0,0,4,1.2000000000000002,180
2018,1,27,0,30,0,4,1.2000000000000002,181
2018,1,27,1,0,0,7,1.2000000000000002,183
2018,1,27,1,30,0,4,1.2000000000000002,185
2018,1,27,2,0,0,7,1.2000000000000002,188
2018,1,27,2,30,0,7,1.2000000000000002,189
2018,1,27,3,0,0,7,1.2000000000000002,189
2018,1,27,3,30,0,7,1.2000000000000002,188
2018,1,27,4,0,0,7,1.2000000000000002,187
2018,1,27,4,30,0,7,1.2000000000000002,186
2018,1,27,5,0,0,7,1.2000000000000002,184
2018,1,27,5,30,0,7,1.2000000000000002,184
2018,1,27,6,0,0,7,1.2000000000000002,184
2018,1,27,6,30,0,7,1.2000000000000002,186
2018,1,27,7,0,0,7,1.2000000000000002,188
2018,1,27,7,30,0,7,1.2000000000000002,188
2018,1,27,8,0,7,4,1.2000000000000002,187
2018,1,27,8,30,0,4,1.2000000000000002,189
2018,1,27,9,0,0,7,1.3,190
2018,1,27,9,30,0,7,1.2000000000000002,191
2018,1,27,10,0,0,7,1.2000000000000002,193
2018,1,27,10,30,0,7,1.2000000000000002,195
2018,1,27,11,0,0,7,1.1,197
2018,1,27,11,30,0,7,1.1,198
2018,1,27,12,0,0,7,1.0,199
2018,1,27,12,30,0,7,1.0,201
2018,1,27,13,0,0,4,1.0,203
2018,1,27,13,30,0,7,1.0,203
2018,1,27,14,0,0,7,0.9,203
2018,1,27,14,30,0,7,0.8,202
2018,1,27,15,0,0,8,0.8,202
2018,1,27,15,30,0,8,0.7000000000000001,203
2018,1,27,16,0,0,8,0.7000000000000001,203
2018,1,27,16,30,0,7,0.7000000000000001,212
2018,1,27,17,0,0,7,0.8,220
2018,1,27,17,30,0,7,0.8,231
2018,1,27,18,0,0,7,0.8,241
2018,1,27,18,30,0,7,0.8,241
2018,1,27,19,0,0,6,0.7000000000000001,258
2018,1,27,19,30,0,6,0.7000000000000001,263
2018,1,27,20,0,0,6,0.6000000000000001,269
2018,1,27,20,30,0,6,0.6000000000000001,269
2018,1,27,21,0,0,6,0.5,269
2018,1,27,21,30,0,6,0.5,270
2018,1,27,22,0,0,6,0.5,271
2018,1,27,22,30,0,6,0.5,275
2018,1,27,23,0,0,6,0.5,279
2018,1,27,23,30,0,7,0.5,286
2018,1,28,0,0,0,7,0.5,293
2018,1,28,0,30,0,8,0.5,301
2018,1,28,1,0,0,7,0.5,310
2018,1,28,1,30,0,7,0.5,318
2018,1,28,2,0,0,7,0.6000000000000001,327
2018,1,28,2,30,0,8,0.5,335
2018,1,28,3,0,0,8,0.4,342
2018,1,28,3,30,0,7,0.30000000000000004,351
2018,1,28,4,0,0,7,0.30000000000000004,359
2018,1,28,4,30,0,7,0.30000000000000004,181
2018,1,28,5,0,0,7,0.30000000000000004,3
2018,1,28,5,30,0,7,0.30000000000000004,5
2018,1,28,6,0,0,7,0.30000000000000004,8
2018,1,28,6,30,0,7,0.30000000000000004,13
2018,1,28,7,0,0,7,0.30000000000000004,19
2018,1,28,7,30,0,7,0.30000000000000004,28
2018,1,28,8,0,114,7,0.30000000000000004,36
2018,1,28,8,30,160,4,0.30000000000000004,50
2018,1,28,9,0,290,4,0.2,65
2018,1,28,9,30,364,7,0.30000000000000004,67
2018,1,28,10,0,379,4,0.4,70
2018,1,28,10,30,441,4,0.4,67
2018,1,28,11,0,407,3,0.4,64
2018,1,28,11,30,871,0,0.30000000000000004,57
2018,1,28,12,0,964,0,0.2,50
2018,1,28,12,30,968,0,0.2,205
2018,1,28,13,0,966,0,0.2,359
2018,1,28,13,30,952,0,0.30000000000000004,350
2018,1,28,14,0,937,0,0.30000000000000004,341
2018,1,28,14,30,916,0,0.4,341
2018,1,28,15,0,885,0,0.4,341
2018,1,28,15,30,840,0,0.4,345
2018,1,28,16,0,775,0,0.5,348
2018,1,28,16,30,624,0,0.8,352
2018,1,28,17,0,110,4,1.0,356
2018,1,28,17,30,62,4,0.9,182
2018,1,28,18,0,0,0,0.8,8
2018,1,28,18,30,0,0,0.8,8
2018,1,28,19,0,0,0,0.7000000000000001,21
2018,1,28,19,30,0,0,0.6000000000000001,28
2018,1,28,20,0,0,0,0.5,35
2018,1,28,20,30,0,0,0.5,41
2018,1,28,21,0,0,0,0.5,48
2018,1,28,21,30,0,0,0.5,52
2018,1,28,22,0,0,0,0.5,57
2018,1,28,22,30,0,0,0.5,61
2018,1,28,23,0,0,0,0.5,64
2018,1,28,23,30,0,0,0.5,67
2018,1,29,0,0,0,0,0.5,69
2018,1,29,0,30,0,0,0.5,70
2018,1,29,1,0,0,7,0.4,71
2018,1,29,1,30,0,7,0.4,73
2018,1,29,2,0,0,7,0.4,74
2018,1,29,2,30,0,7,0.4,76
2018,1,29,3,0,0,7,0.4,78
2018,1,29,3,30,0,7,0.4,81
2018,1,29,4,0,0,7,0.4,84
2018,1,29,4,30,0,7,0.4,89
2018,1,29,5,0,0,7,0.4,93
2018,1,29,5,30,0,7,0.30000000000000004,100
2018,1,29,6,0,0,7,0.30000000000000004,107
2018,1,29,6,30,0,7,0.30000000000000004,115
2018,1,29,7,0,0,7,0.4,124
2018,1,29,7,30,0,7,0.5,132
2018,1,29,8,0,35,4,0.6000000000000001,140
2018,1,29,8,30,120,7,0.6000000000000001,147
2018,1,29,9,0,207,7,0.7000000000000001,155
2018,1,29,9,30,216,7,0.6000000000000001,162
2018,1,29,10,0,315,7,0.6000000000000001,169
2018,1,29,10,30,264,7,0.6000000000000001,177
2018,1,29,11,0,128,7,0.6000000000000001,185
2018,1,29,11,30,192,7,0.5,196
2018,1,29,12,0,134,7,0.5,208
2018,1,29,12,30,125,7,0.5,221
2018,1,29,13,0,166,7,0.6000000000000001,234
2018,1,29,13,30,245,7,0.6000000000000001,246
2018,1,29,14,0,275,7,0.6000000000000001,258
2018,1,29,14,30,222,7,0.7000000000000001,269
2018,1,29,15,0,18,7,0.7000000000000001,280
2018,1,29,15,30,2,4,0.8,287
2018,1,29,16,0,0,4,0.8,295
2018,1,29,16,30,0,4,0.9,298
2018,1,29,17,0,0,4,1.0,302
2018,1,29,17,30,2,4,1.2000000000000002,304
2018,1,29,18,0,0,7,1.3,307
2018,1,29,18,30,0,7,1.3,307
2018,1,29,19,0,0,7,1.6,314
2018,1,29,19,30,0,7,1.6,316
2018,1,29,20,0,0,7,1.7000000000000002,319
2018,1,29,20,30,0,7,1.8,321
2018,1,29,21,0,0,7,1.8,323
2018,1,29,21,30,0,7,1.9000000000000001,324
2018,1,29,22,0,0,7,1.9000000000000001,324
2018,1,29,22,30,0,7,2.0,324
2018,1,29,23,0,0,7,2.0,324
2018,1,29,23,30,0,7,2.0,324
2018,1,30,0,0,0,7,2.0,323
2018,1,30,0,30,0,7,2.0,322
2018,1,30,1,0,0,7,2.0,322
2018,1,30,1,30,0,7,2.0,321
2018,1,30,2,0,0,7,2.0,321
2018,1,30,2,30,0,7,2.0,321
2018,1,30,3,0,0,4,1.9000000000000001,320
2018,1,30,3,30,0,4,1.9000000000000001,320
2018,1,30,4,0,0,4,1.9000000000000001,320
2018,1,30,4,30,0,4,1.9000000000000001,319
2018,1,30,5,0,0,4,1.8,319
2018,1,30,5,30,0,4,1.8,319
2018,1,30,6,0,0,4,1.8,319
2018,1,30,6,30,0,4,1.8,319
2018,1,30,7,0,0,4,1.8,319
2018,1,30,7,30,0,4,1.8,319
2018,1,30,8,0,30,4,1.8,319
2018,1,30,8,30,109,4,1.8,320
2018,1,30,9,0,186,4,1.9000000000000001,320
2018,1,30,9,30,316,4,1.8,320
2018,1,30,10,0,157,4,1.8,320
2018,1,30,10,30,77,4,1.8,319
2018,1,30,11,0,58,4,1.8,319
2018,1,30,11,30,103,4,1.8,318
2018,1,30,12,0,54,4,1.8,316
2018,1,30,12,30,35,4,1.8,315
2018,1,30,13,0,48,4,1.8,314
2018,1,30,13,30,51,4,1.8,314
2018,1,30,14,0,53,4,1.8,313
2018,1,30,14,30,35,4,1.7000000000000002,313
2018,1,30,15,0,4,4,1.6,314
2018,1,30,15,30,4,4,1.5,315
2018,1,30,16,0,0,4,1.4000000000000001,316
2018,1,30,16,30,0,4,1.2000000000000002,318
2018,1,30,17,0,0,4,1.0,319
2018,1,30,17,30,0,4,0.9,321
2018,1,30,18,0,0,4,0.7000000000000001,323
2018,1,30,18,30,0,4,0.7000000000000001,323
2018,1,30,19,0,0,4,0.4,331
2018,1,30,19,30,0,4,0.30000000000000004,174
2018,1,30,20,0,0,4,0.2,16
2018,1,30,20,30,0,4,0.30000000000000004,78
2018,1,30,21,0,0,4,0.4,139
2018,1,30,21,30,0,4,0.4,149
2018,1,30,22,0,0,4,0.4,158
2018,1,30,22,30,0,7,0.4,163
2018,1,30,23,0,0,7,0.5,168
2018,1,30,23,30,0,7,0.6000000000000001,169
2018,1,31,0,0,0,7,0.7000000000000001,170
2018,1,31,0,30,0,7,0.7000000000000001,171
2018,1,31,1,0,0,4,0.7000000000000001,171
2018,1,31,1,30,0,4,0.8,171
2018,1,31,2,0,0,7,0.8,172
2018,1,31,2,30,0,7,0.8,173
2018,1,31,3,0,0,7,0.8,175
2018,1,31,3,30,0,7,0.8,173
2018,1,31,4,0,0,7,0.8,172
2018,1,31,4,30,0,7,0.9,169
2018,1,31,5,0,0,7,0.9,166
2018,1,31,5,30,0,7,1.0,164
2018,1,31,6,0,0,7,1.0,163
2018,1,31,6,30,0,7,1.1,163
2018,1,31,7,0,0,7,1.2000000000000002,163
2018,1,31,7,30,14,7,1.2000000000000002,162
2018,1,31,8,0,74,7,1.3,161
2018,1,31,8,30,132,7,1.5,164
2018,1,31,9,0,189,6,1.6,168
2018,1,31,9,30,260,7,1.8,171
2018,1,31,10,0,478,7,1.9000000000000001,175
2018,1,31,10,30,540,7,1.9000000000000001,178
2018,1,31,11,0,174,7,2.0,181
2018,1,31,11,30,347,7,2.1,185
2018,1,31,12,0,529,7,2.1,189
2018,1,31,12,30,685,7,2.1,194
2018,1,31,13,0,658,7,2.1,199
2018,1,31,13,30,540,7,2.0,202
2018,1,31,14,0,494,7,1.9000000000000001,205
2018,1,31,14,30,586,7,1.8,208
2018,1,31,15,0,600,7,1.7000000000000002,210
2018,1,31,15,30,574,7,1.6,211
2018,1,31,16,0,614,0,1.5,212
2018,1,31,16,30,455,4,1.4000000000000001,213
2018,1,31,17,0,243,4,1.4000000000000001,214
2018,1,31,17,30,64,7,1.3,215
2018,1,31,18,0,0,7,1.2000000000000002,216
2018,1,31,18,30,0,7,1.2000000000000002,216
2018,1,31,19,0,0,7,1.1,220
2018,1,31,19,30,0,7,1.1,223
2018,1,31,20,0,0,7,1.0,225
2018,1,31,20,30,0,7,1.1,227
2018,1,31,21,0,0,7,1.2000000000000002,229
2018,1,31,21,30,0,7,1.1,230
2018,1,31,22,0,0,7,1.1,232
2018,1,31,22,30,0,7,1.0,233
2018,1,31,23,0,0,7,1.0,234
2018,1,31,23,30,0,8,0.9,231
2018,2,1,0,0,0,7,0.8,228
2018,2,1,0,30,0,7,0.8,222
2018,2,1,1,0,0,7,0.8,217
2018,2,1,1,30,0,7,0.8,213
2018,2,1,2,0,0,7,0.8,210
2018,2,1,2,30,0,7,0.8,208
2018,2,1,3,0,0,7,0.9,206
2018,2,1,3,30,0,6,0.9,204
2018,2,1,4,0,0,6,0.9,202
2018,2,1,4,30,0,6,1.0,205
2018,2,1,5,0,0,6,1.1,208
2018,2,1,5,30,0,6,1.1,210
2018,2,1,6,0,0,6,1.1,212
2018,2,1,6,30,0,6,1.1,210
2018,2,1,7,0,0,6,1.0,208
2018,2,1,7,30,7,6,1.0,208
2018,2,1,8,0,7,6,1.0,209
2018,2,1,8,30,0,6,1.1,210
2018,2,1,9,0,0,6,1.1,212
2018,2,1,9,30,0,6,1.2000000000000002,214
2018,2,1,10,0,6,7,1.2000000000000002,216
2018,2,1,10,30,26,7,1.2000000000000002,216
2018,2,1,11,0,39,7,1.2000000000000002,217
2018,2,1,11,30,60,7,1.2000000000000002,222
2018,2,1,12,0,130,7,1.1,227
2018,2,1,12,30,262,8,1.1,235
2018,2,1,13,0,198,8,1.2000000000000002,243
2018,2,1,13,30,123,8,1.1,252
2018,2,1,14,0,168,8,1.1,261
2018,2,1,14,30,120,8,1.1,271
2018,2,1,15,0,34,7,1.1,281
2018,2,1,15,30,34,7,1.1,288
2018,2,1,16,0,2,7,1.1,294
2018,2,1,16,30,0,7,1.2000000000000002,296
2018,2,1,17,0,0,7,1.2000000000000002,298
2018,2,1,17,30,14,7,1.2000000000000002,300
2018,2,1,18,0,0,6,1.3,301
2018,2,1,18,30,0,6,1.3,301
2018,2,1,19,0,0,6,1.5,306
2018,2,1,19,30,0,6,1.6,309
2018,2,1,20,0,0,6,1.7000000000000002,311
2018,2,1,20,30,0,7,1.8,311
2018,2,1,21,0,0,6,1.9000000000000001,312
2018,2,1,21,30,0,7,1.9000000000000001,311
2018,2,1,22,0,0,7,1.9000000000000001,310
2018,2,1,22,30,0,4,1.9000000000000001,310
2018,2,1,23,0,0,4,1.9000000000000001,310
2018,2,1,23,30,0,4,1.9000000000000001,309
2018,2,2,0,0,0,4,1.9000000000000001,309
2018,2,2,0,30,0,4,1.9000000000000001,309
2018,2,2,1,0,0,4,1.9000000000000001,309
2018,2,2,1,30,0,4,1.9000000000000001,308
2018,2,2,2,0,0,4,1.9000000000000001,308
2018,2,2,2,30,0,4,1.9000000000000001,308
2018,2,2,3,0,0,4,1.9000000000000001,308
2018,2,2,3,30,0,4,1.9000000000000001,308
2018,2,2,4,0,0,4,1.9000000000000001,308
2018,2,2,4,30,0,4,1.8,308
2018,2,2,5,0,0,4,1.8,307
2018,2,2,5,30,0,4,1.8,307
2018,2,2,6,0,0,0,1.7000000000000002,307
2018,2,2,6,30,0,4,1.7000000000000002,307
2018,2,2,7,0,0,4,1.6,306
2018,2,2,7,30,28,4,1.6,306
2018,2,2,8,0,263,4,1.7000000000000002,306
2018,2,2,8,30,605,0,1.7000000000000002,306
2018,2,2,9,0,740,0,1.7000000000000002,307
2018,2,2,9,30,810,0,1.7000000000000002,306
2018,2,2,10,0,561,4,1.7000000000000002,305
2018,2,2,10,30,427,4,1.7000000000000002,303
2018,2,2,11,0,101,4,1.7000000000000002,301
2018,2,2,11,30,95,4,1.7000000000000002,300
2018,2,2,12,0,93,4,1.7000000000000002,298
2018,2,2,12,30,280,4,1.7000000000000002,297
2018,2,2,13,0,158,4,1.7000000000000002,296
2018,2,2,13,30,405,4,1.7000000000000002,295
2018,2,2,14,0,394,4,1.6,294
2018,2,2,14,30,561,4,1.5,293
2018,2,2,15,0,606,4,1.5,292
2018,2,2,15,30,362,4,1.3,289
2018,2,2,16,0,213,4,1.2000000000000002,287
2018,2,2,16,30,138,4,1.1,281
2018,2,2,17,0,62,4,0.9,276
2018,2,2,17,30,35,4,0.8,268
2018,2,2,18,0,0,4,0.7000000000000001,260
2018,2,2,18,30,0,4,0.7000000000000001,260
2018,2,2,19,0,0,4,0.7000000000000001,252
2018,2,2,19,30,0,4,0.7000000000000001,250
2018,2,2,20,0,0,4,0.7000000000000001,249
2018,2,2,20,30,0,4,0.7000000000000001,247
2018,2,2,21,0,0,4,0.7000000000000001,246
2018,2,2,21,30,0,4,0.6000000000000001,243
2018,2,2,22,0,0,4,0.5,240
2018,2,2,22,30,0,4,0.5,235
2018,2,2,23,0,0,4,0.5,230
2018,2,2,23,30,0,4,0.6000000000000001,227
2018,2,3,0,0,0,4,0.6000000000000001,224
2018,2,3,0,30,0,4,0.6000000000000001,222
2018,2,3,1,0,0,4,0.6000000000000001,220
2018,2,3,1,30,0,4,0.7000000000000001,218
2018,2,3,2,0,0,4,0.7000000000000001,217
2018,2,3,2,30,0,7,0.7000000000000001,215
2018,2,3,3,0,0,7,0.8,213
2018,2,3,3,30,0,7,0.8,209
2018,2,3,4,0,0,7,0.8,205
2018,2,3,4,30,0,4,0.8,202
2018,2,3,5,0,0,4,0.8,198
2018,2,3,5,30,0,4,0.8,194
2018,2,3,6,0,0,4,0.9,191
2018,2,3,6,30,0,4,0.9,188
2018,2,3,7,0,0,4,0.9,186
2018,2,3,7,30,15,4,1.0,188
2018,2,3,8,0,67,4,1.0,190
2018,2,3,8,30,177,4,1.2000000000000002,197
2018,2,3,9,0,291,4,1.3,204
2018,2,3,9,30,382,4,1.4000000000000001,208
2018,2,3,10,0,189,4,1.5,211
2018,2,3,10,30,135,4,1.5,212
2018,2,3,11,0,206,4,1.5,212
2018,2,3,11,30,435,4,1.5,211
2018,2,3,12,0,398,4,1.5,210
2018,2,3,12,30,485,4,1.5,210
2018,2,3,13,0,504,7,1.5,209
2018,2,3,13,30,287,8,1.5,206
2018,2,3,14,0,378,8,1.4000000000000001,204
2018,2,3,14,30,439,8,1.3,199
2018,2,3,15,0,622,4,1.3,195
2018,2,3,15,30,544,4,1.2000000000000002,190
2018,2,3,16,0,315,4,1.1,185
2018,2,3,16,30,262,4,1.1,181
2018,2,3,17,0,162,4,1.1,178
2018,2,3,17,30,56,7,1.1,174
2018,2,3,18,0,0,7,1.1,170
2018,2,3,18,30,0,7,1.1,170
2018,2,3,19,0,0,7,1.2000000000000002,168
2018,2,3,19,30,0,7,1.2000000000000002,168
2018,2,3,20,0,0,7,1.2000000000000002,169
2018,2,3,20,30,0,7,1.3,170
2018,2,3,21,0,0,7,1.3,171
2018,2,3,21,30,0,7,1.3,174
2018,2,3,22,0,0,7,1.4000000000000001,178
2018,2,3,22,30,0,6,1.4000000000000001,182
2018,2,3,23,0,0,7,1.4000000000000001,186
2018,2,3,23,30,0,7,1.4000000000000001,188
2018,2,4,0,0,0,7,1.4000000000000001,189
2018,2,4,0,30,0,7,1.4000000000000001,189
2018,2,4,1,0,0,7,1.4000000000000001,189
2018,2,4,1,30,0,7,1.3,188
2018,2,4,2,0,0,7,1.3,187
2018,2,4,2,30,0,7,1.3,187
2018,2,4,3,0,0,6,1.3,187
2018,2,4,3,30,0,6,1.3,185
2018,2,4,4,0,0,6,1.3,183
2018,2,4,4,30,0,6,1.4000000000000001,181
2018,2,4,5,0,0,6,1.4000000000000001,179
2018,2,4,5,30,0,6,1.4000000000000001,179
2018,2,4,6,0,0,6,1.4000000000000001,178
2018,2,4,6,30,0,6,1.4000000000000001,178
2018,2,4,7,0,0,7,1.4000000000000001,177
2018,2,4,7,30,0,7,1.3,177
2018,2,4,8,0,0,6,1.3,176
2018,2,4,8,30,0,6,1.3,176
2018,2,4,9,0,0,6,1.3,175
2018,2,4,9,30,0,6,1.3,177
2018,2,4,10,0,267,7,1.3,179
2018,2,4,10,30,238,7,1.3,183
2018,2,4,11,0,72,4,1.4000000000000001,186
2018,2,4,11,30,30,4,1.4000000000000001,190
2018,2,4,12,0,12,4,1.4000000000000001,194
2018,2,4,12,30,16,7,1.3,197
2018,2,4,13,0,19,7,1.3,199
2018,2,4,13,30,114,4,1.2000000000000002,204
2018,2,4,14,0,120,4,1.1,208
2018,2,4,14,30,78,4,1.0,212
2018,2,4,15,0,115,4,0.9,215
2018,2,4,15,30,19,4,0.8,217
2018,2,4,16,0,14,4,0.6000000000000001,218
2018,2,4,16,30,0,4,0.7000000000000001,225
2018,2,4,17,0,0,4,0.7000000000000001,231
2018,2,4,17,30,0,4,0.9,235
2018,2,4,18,0,0,4,1.0,239
2018,2,4,18,30,0,4,1.0,239
2018,2,4,19,0,0,4,1.0,247
2018,2,4,19,30,0,4,1.1,261
2018,2,4,20,0,0,8,1.1,276
2018,2,4,20,30,0,8,1.4000000000000001,293
2018,2,4,21,0,0,7,1.7000000000000002,311
2018,2,4,21,30,0,7,1.9000000000000001,317
2018,2,4,22,0,0,7,2.1,322
2018,2,4,22,30,0,4,2.0,323
2018,2,4,23,0,0,4,2.0,324
2018,2,4,23,30,0,4,2.0,323
2018,2,5,0,0,0,4,2.0,322
2018,2,5,0,30,0,4,2.0,322
2018,2,5,1,0,0,4,2.0,322
2018,2,5,1,30,0,4,1.9000000000000001,321
2018,2,5,2,0,0,4,1.8,321
2018,2,5,2,30,0,4,1.7000000000000002,320
2018,2,5,3,0,0,4,1.6,319
2018,2,5,3,30,0,4,1.5,318
2018,2,5,4,0,0,4,1.4000000000000001,318
2018,2,5,4,30,0,4,1.4000000000000001,317
2018,2,5,5,0,0,4,1.3,316
2018,2,5,5,30,0,4,1.2000000000000002,316
2018,2,5,6,0,0,4,1.1,316
2018,2,5,6,30,0,4,1.1,315
2018,2,5,7,0,0,4,1.0,314
2018,2,5,7,30,43,4,1.0,313
2018,2,5,8,0,123,4,1.0,311
2018,2,5,8,30,292,4,1.0,306
2018,2,5,9,0,479,4,0.9,300
2018,2,5,9,30,617,4,0.9,294
2018,2,5,10,0,659,4,0.9,288
2018,2,5,10,30,852,4,0.9,281
2018,2,5,11,0,806,4,0.8,274
2018,2,5,11,30,876,4,0.8,263
2018,2,5,12,0,981,0,0.7000000000000001,252
2018,2,5,12,30,1007,0,0.8,246
2018,2,5,13,0,995,0,0.8,240
2018,2,5,13,30,989,0,0.9,233
2018,2,5,14,0,905,0,0.9,227
2018,2,5,14,30,906,0,1.0,225
2018,2,5,15,0,915,0,1.0,223
2018,2,5,15,30,819,0,1.0,222
2018,2,5,16,0,637,7,0.9,222
2018,2,5,16,30,476,7,0.8,217
2018,2,5,17,0,346,7,0.6000000000000001,213
2018,2,5,17,30,156,7,0.6000000000000001,210
2018,2,5,18,0,0,7,0.6000000000000001,208
2018,2,5,18,30,0,7,0.6000000000000001,208
2018,2,5,19,0,0,7,0.6000000000000001,202
2018,2,5,19,30,0,7,0.6000000000000001,200
2018,2,5,20,0,0,7,0.6000000000000001,198
2018,2,5,20,30,0,7,0.6000000000000001,194
2018,2,5,21,0,0,6,0.6000000000000001,190
2018,2,5,21,30,0,6,0.5,184
2018,2,5,22,0,0,6,0.5,178
2018,2,5,22,30,0,7,0.4,179
2018,2,5,23,0,0,7,0.30000000000000004,179
2018,2,5,23,30,0,8,0.30000000000000004,175
2018,2,6,0,0,0,8,0.2,171
2018,2,6,0,30,0,4,0.30000000000000004,162
2018,2,6,1,0,0,4,0.30000000000000004,153
2018,2,6,1,30,0,4,0.30000000000000004,152
2018,2,6,2,0,0,7,0.30000000000000004,152
2018,2,6,2,30,0,7,0.30000000000000004,158
2018,2,6,3,0,0,4,0.30000000000000004,164
2018,2,6,3,30,0,4,0.30000000000000004,175
2018,2,6,4,0,0,4,0.30000000000000004,185
2018,2,6,4,30,0,4,0.30000000000000004,196
2018,2,6,5,0,0,4,0.30000000000000004,206
2018,2,6,5,30,0,4,0.30000000000000004,216
2018,2,6,6,0,0,4,0.4,225
2018,2,6,6,30,0,4,0.4,232
2018,2,6,7,0,0,4,0.4,239
2018,2,6,7,30,15,4,0.5,246
2018,2,6,8,0,73,4,0.6000000000000001,254
2018,2,6,8,30,204,4,0.6000000000000001,267
2018,2,6,9,0,298,4,0.7000000000000001,280
2018,2,6,9,30,274,4,0.8,282
2018,2,6,10,0,507,4,0.8,283
2018,2,6,10,30,754,4,0.9,282
2018,2,6,11,0,762,0,0.9,280
2018,2,6,11,30,252,4,0.9,283
2018,2,6,12,0,51,4,0.9,285
2018,2,6,12,30,115,4,0.9,287
2018,2,6,13,0,174,4,0.9,290
2018,2,6,13,30,168,4,0.9,294
2018,2,6,14,0,20,4,0.8,298
2018,2,6,14,30,36,4,0.7000000000000001,301
2018,2,6,15,0,92,4,0.7000000000000001,304
2018,2,6,15,30,35,4,0.6000000000000001,307
2018,2,6,16,0,28,4,0.5,310
2018,2,6,16,30,8,4,0.4,329
2018,2,6,17,0,0,4,0.4,348
2018,2,6,17,30,12,4,0.4,187
2018,2,6,18,0,0,7,0.4,26
2018,2,6,18,30,0,4,0.4,26
2018,2,6,19,0,0,4,0.4,57
2018,2,6,19,30,0,7,0.4,66
2018,2,6,20,0,0,7,0.5,76
2018,2,6,20,30,0,7,0.5,81
2018,2,6,21,0,0,7,0.5,86
2018,2,6,21,30,0,7,0.5,84
2018,2,6,22,0,0,4,0.5,82
2018,2,6,22,30,0,4,0.5,77
2018,2,6,23,0,0,0,0.6000000000000001,71
2018,2,6,23,30,0,7,0.7000000000000001,71
2018,2,7,0,0,0,7,0.8,70
2018,2,7,0,30,0,7,0.7000000000000001,71
2018,2,7,1,0,0,6,0.6000000000000001,72
2018,2,7,1,30,0,6,0.8,67
2018,2,7,2,0,0,6,0.9,62
2018,2,7,2,30,0,6,0.9,60
2018,2,7,3,0,0,6,0.9,58
2018,2,7,3,30,0,6,0.9,50
2018,2,7,4,0,0,6,0.9,42
2018,2,7,4,30,0,6,1.0,27
2018,2,7,5,0,0,6,1.1,12
2018,2,7,5,30,0,6,1.0,16
2018,2,7,6,0,0,6,1.0,20
2018,2,7,6,30,0,6,1.0,25
2018,2,7,7,0,0,6,0.9,30
2018,2,7,7,30,5,6,0.9,20
2018,2,7,8,0,0,6,0.8,11
2018,2,7,8,30,0,6,0.9,177
2018,2,7,9,0,0,6,1.0,343
2018,2,7,9,30,0,6,1.1,339
2018,2,7,10,0,5,6,1.2000000000000002,335
2018,2,7,10,30,13,6,1.3,335
2018,2,7,11,0,16,6,1.4000000000000001,336
2018,2,7,11,30,32,6,1.4000000000000001,335
2018,2,7,12,0,36,7,1.5,334
2018,2,7,12,30,349,7,1.5,333
2018,2,7,13,0,655,7,1.6,331
2018,2,7,13,30,544,4,1.7000000000000002,330
2018,2,7,14,0,18,4,1.7000000000000002,329
2018,2,7,14,30,2,4,1.6,327
2018,2,7,15,0,2,4,1.6,326
2018,2,7,15,30,76,4,1.4000000000000001,324
2018,2,7,16,0,53,4,1.3,322
2018,2,7,16,30,0,4,1.1,319
2018,2,7,17,0,0,4,1.0,317
2018,2,7,17,30,2,4,0.8,314
2018,2,7,18,0,0,4,0.7000000000000001,311
2018,2,7,18,30,0,4,0.7000000000000001,311
2018,2,7,19,0,0,4,0.6000000000000001,303
2018,2,7,19,30,0,4,0.7000000000000001,298
2018,2,7,20,0,0,4,0.8,293
2018,2,7,20,30,0,4,0.8,290
2018,2,7,21,0,0,4,0.9,286
2018,2,7,21,30,0,4,0.9,286
2018,2,7,22,0,0,4,0.9,285
2018,2,7,22,30,0,4,0.9,283
2018,2,7,23,0,0,4,0.9,282
2018,2,7,23,30,0,4,0.9,283
2018,2,8,0,0,0,7,0.9,284
2018,2,8,0,30,0,4,0.9,284
2018,2,8,1,0,0,4,0.9,284
2018,2,8,1,30,0,4,0.9,281
2018,2,8,2,0,0,4,0.9,278
2018,2,8,2,30,0,4,0.9,273
2018,2,8,3,0,0,4,0.9,268
2018,2,8,3,30,0,4,0.9,262
2018,2,8,4,0,0,4,0.8,257
2018,2,8,4,30,0,4,0.8,251
2018,2,8,5,0,0,4,0.8,246
2018,2,8,5,30,0,4,0.8,243
2018,2,8,6,0,0,4,0.8,240
2018,2,8,6,30,0,4,0.7000000000000001,241
2018,2,8,7,0,0,4,0.7000000000000001,243
2018,2,8,7,30,14,4,0.7000000000000001,246
2018,2,8,8,0,108,4,0.8,249
2018,2,8,8,30,252,4,0.9,250
2018,2,8,9,0,364,4,1.0,251
2018,2,8,9,30,365,4,1.1,249
2018,2,8,10,0,274,4,1.1,247
2018,2,8,10,30,137,4,1.2000000000000002,245
2018,2,8,11,0,310,4,1.2000000000000002,242
2018,2,8,11,30,348,4,1.3,242
2018,2,8,12,0,93,4,1.4000000000000001,241
2018,2,8,12,30,357,4,1.4000000000000001,243
2018,2,8,13,0,626,4,1.5,244
2018,2,8,13,30,638,4,1.5,246
2018,2,8,14,0,683,4,1.5,248
2018,2,8,14,30,838,0,1.5,249
2018,2,8,15,0,725,4,1.4000000000000001,250
2018,2,8,15,30,464,4,1.3,251
2018,2,8,16,0,368,4,1.2000000000000002,252
2018,2,8,16,30,307,4,1.0,251
2018,2,8,17,0,195,4,0.9,251
2018,2,8,17,30,63,4,0.8,249
2018,2,8,18,0,0,4,0.7000000000000001,248
2018,2,8,18,30,0,4,0.7000000000000001,248
2018,2,8,19,0,0,4,0.7000000000000001,244
2018,2,8,19,30,0,4,0.6000000000000001,242
2018,2,8,20,0,0,4,0.6000000000000001,241
2018,2,8,20,30,0,4,0.8,238
2018,2,8,21,0,0,4,0.9,234
2018,2,8,21,30,0,8,0.9,229
2018,2,8,22,0,0,7,1.0,224
2018,2,8,22,30,0,0,0.9,222
2018,2,8,23,0,0,7,0.9,220
2018,2,8,23,30,0,4,0.8,212
2018,2,9,0,0,0,4,0.7000000000000001,205
2018,2,9,0,30,0,4,0.6000000000000001,186
2018,2,9,1,0,0,7,0.5,167
2018,2,9,1,30,0,7,0.6000000000000001,153
2018,2,9,2,0,0,7,0.6000000000000001,139
2018,2,9,2,30,0,4,0.7000000000000001,136
2018,2,9,3,0,0,7,0.8,134
2018,2,9,3,30,0,7,0.8,130
2018,2,9,4,0,0,7,0.7000000000000001,126
2018,2,9,4,30,0,7,0.7000000000000001,122
2018,2,9,5,0,0,7,0.6000000000000001,119
2018,2,9,5,30,0,7,0.7000000000000001,119
2018,2,9,6,0,0,7,0.7000000000000001,118
2018,2,9,6,30,0,7,0.7000000000000001,119
2018,2,9,7,0,0,7,0.8,119
2018,2,9,7,30,19,7,0.9,120
2018,2,9,8,0,44,6,1.0,121
2018,2,9,8,30,86,6,1.0,125
2018,2,9,9,0,102,6,1.0,130
2018,2,9,9,30,68,6,1.1,135
2018,2,9,10,0,163,6,1.1,140
2018,2,9,10,30,283,6,1.1,146
2018,2,9,11,0,266,6,1.1,151
2018,2,9,11,30,318,7,1.2000000000000002,157
2018,2,9,12,0,374,7,1.2000000000000002,162
2018,2,9,12,30,548,7,1.2000000000000002,167
2018,2,9,13,0,438,7,1.2000000000000002,171
2018,2,9,13,30,339,7,1.2000000000000002,172
2018,2,9,14,0,373,7,1.2000000000000002,173
2018,2,9,14,30,392,7,1.2000000000000002,172
2018,2,9,15,0,460,7,1.2000000000000002,172
2018,2,9,15,30,486,7,1.1,172
2018,2,9,16,0,122,7,1.1,172
2018,2,9,16,30,0,7,1.0,172
2018,2,9,17,0,0,7,0.9,171
2018,2,9,17,30,18,7,0.9,172
2018,2,9,18,0,18,7,0.9,173
2018,2,9,18,30,0,7,0.9,173
2018,2,9,19,0,0,7,0.7000000000000001,178
2018,2,9,19,30,0,7,0.7000000000000001,180
2018,2,9,20,0,0,7,0.7000000000000001,183
2018,2,9,20,30,0,7,0.7000000000000001,189
2018,2,9,21,0,0,7,0.8,195
2018,2,9,21,30,0,7,0.8,201
2018,2,9,22,0,0,7,0.7000000000000001,206
2018,2,9,22,30,0,7,0.7000000000000001,210
2018,2,9,23,0,0,7,0.6000000000000001,215
2018,2,9,23,30,0,7,0.6000000000000001,216
2018,2,10,0,0,0,7,0.5,218
2018,2,10,0,30,0,7,0.5,216
2018,2,10,1,0,0,7,0.5,214
2018,2,10,1,30,0,7,0.5,213
2018,2,10,2,0,0,7,0.5,212
2018,2,10,2,30,0,7,0.5,211
2018,2,10,3,0,0,7,0.5,210
2018,2,10,3,30,0,7,0.4,206
2018,2,10,4,0,0,7,0.4,202
2018,2,10,4,30,0,7,0.4,197
2018,2,10,5,0,0,7,0.4,192
2018,2,10,5,30,0,7,0.4,188
2018,2,10,6,0,0,7,0.4,185
2018,2,10,6,30,0,7,0.4,180
2018,2,10,7,0,0,7,0.4,174
2018,2,10,7,30,9,6,0.4,170
2018,2,10,8,0,0,6,0.4,166
2018,2,10,8,30,0,6,0.5,163
2018,2,10,9,0,4,6,0.5,160
2018,2,10,9,30,8,6,0.5,162
2018,2,10,10,0,48,6,0.5,163
2018,2,10,10,30,43,6,0.6000000000000001,166
2018,2,10,11,0,8,6,0.6000000000000001,170
2018,2,10,11,30,51,6,0.6000000000000001,178
2018,2,10,12,0,21,6,0.6000000000000001,186
2018,2,10,12,30,37,6,0.5,203
2018,2,10,13,0,39,6,0.5,220
2018,2,10,13,30,48,6,0.4,244
2018,2,10,14,0,30,6,0.4,268
2018,2,10,14,30,51,6,0.4,282
2018,2,10,15,0,23,6,0.4,296
2018,2,10,15,30,21,6,0.5,308
2018,2,10,16,0,4,6,0.6000000000000001,320
2018,2,10,16,30,0,6,0.7000000000000001,329
2018,2,10,17,0,0,6,0.8,338
2018,2,10,17,30,3,6,0.8,342
2018,2,10,18,0,3,6,0.9,346
2018,2,10,18,30,0,6,0.9,346
2018,2,10,19,0,0,6,1.0,353
2018,2,10,19,30,0,6,1.0,178
2018,2,10,20,0,0,6,1.0,3
2018,2,10,20,30,0,6,0.9,9
2018,2,10,21,0,0,6,0.9,14
2018,2,10,21,30,0,6,0.9,18
2018,2,10,22,0,0,6,0.8,23
2018,2,10,22,30,0,6,0.8,27
2018,2,10,23,0,0,6,0.7000000000000001,31
2018,2,10,23,30,0,6,0.7000000000000001,36
2018,2,11,0,0,0,6,0.7000000000000001,42
2018,2,11,0,30,0,7,0.7000000000000001,45
2018,2,11,1,0,0,7,0.7000000000000001,48
2018,2,11,1,30,0,7,0.6000000000000001,50
2018,2,11,2,0,0,7,0.6000000000000001,53
2018,2,11,2,30,0,7,0.6000000000000001,56
2018,2,11,3,0,0,6,0.6000000000000001,60
2018,2,11,3,30,0,7,0.5,68
2018,2,11,4,0,0,7,0.5,76
2018,2,11,4,30,0,6,0.6000000000000001,89
2018,2,11,5,0,0,6,0.6000000000000001,101
2018,2,11,5,30,0,6,0.7000000000000001,112
2018,2,11,6,0,0,6,0.7000000000000001,124
2018,2,11,6,30,0,6,0.8,132
2018,2,11,7,0,0,6,0.9,140
2018,2,11,7,30,13,6,1.0,145
2018,2,11,8,0,0,6,1.0,151
2018,2,11,8,30,0,6,1.0,157
2018,2,11,9,0,10,6,1.0,163
2018,2,11,9,30,103,7,1.0,172
2018,2,11,10,0,33,6,1.1,181
2018,2,11,10,30,43,6,1.1,189
2018,2,11,11,0,36,6,1.2000000000000002,196
2018,2,11,11,30,114,7,1.1,197
2018,2,11,12,0,41,4,1.0,198
2018,2,11,12,30,116,4,1.0,199
2018,2,11,13,0,218,4,1.0,200
2018,2,11,13,30,253,8,0.9,210
2018,2,11,14,0,77,7,0.8,220
2018,2,11,14,30,106,7,1.0,239
2018,2,11,15,0,32,7,1.1,258
2018,2,11,15,30,58,4,1.3,268
2018,2,11,16,0,15,4,1.6,278
2018,2,11,16,30,56,4,1.5,282
2018,2,11,17,0,89,0,1.5,285
2018,2,11,17,30,29,4,1.4000000000000001,284
2018,2,11,18,0,1,4,1.3,284
2018,2,11,18,30,0,4,1.3,284
2018,2,11,19,0,0,4,1.2000000000000002,287
2018,2,11,19,30,0,4,1.2000000000000002,290
2018,2,11,20,0,0,4,1.2000000000000002,293
2018,2,11,20,30,0,4,1.1,297
2018,2,11,21,0,0,4,1.1,301
2018,2,11,21,30,0,4,1.1,304
2018,2,11,22,0,0,7,1.1,307
2018,2,11,22,30,0,7,1.1,309
2018,2,11,23,0,0,7,1.1,311
2018,2,11,23,30,0,4,1.1,316
2018,2,12,0,0,0,8,1.1,320
2018,2,12,0,30,0,7,1.2000000000000002,322
2018,2,12,1,0,0,7,1.2000000000000002,324
2018,2,12,1,30,0,7,1.2000000000000002,324
2018,2,12,2,0,0,7,1.2000000000000002,325
2018,2,12,2,30,0,7,1.2000000000000002,325
2018,2,12,3,0,0,7,1.1,325
2018,2,12,3,30,0,7,1.1,327
2018,2,12,4,0,0,7,1.0,328
2018,2,12,4,30,0,4,1.0,330
2018,2,12,5,0,0,7,1.0,333
2018,2,12,5,30,0,4,1.0,332
2018,2,12,6,0,0,4,1.0,332
2018,2,12,6,30,0,4,0.9,330
2018,2,12,7,0,0,4,0.9,329
2018,2,12,7,30,63,4,1.0,331
2018,2,12,8,0,436,0,1.0,334
2018,2,12,8,30,676,0,1.0,335
2018,2,12,9,0,777,0,1.1,336
2018,2,12,9,30,868,0,1.1,336
2018,2,12,10,0,864,0,1.1,335
2018,2,12,10,30,929,0,1.1,334
2018,2,12,11,0,887,7,1.2000000000000002,332
2018,2,12,11,30,858,7,1.2000000000000002,332
2018,2,12,12,0,856,7,1.2000000000000002,331
2018,2,12,12,30,859,7,1.2000000000000002,331
2018,2,12,13,0,884,7,1.2000000000000002,332
2018,2,12,13,30,899,7,1.2000000000000002,332
2018,2,12,14,0,877,7,1.2000000000000002,332
2018,2,12,14,30,864,7,1.1,332
2018,2,12,15,0,831,7,1.1,333
2018,2,12,15,30,791,7,1.0,336
2018,2,12,16,0,724,7,1.0,338
2018,2,12,16,30,679,7,0.8,341
2018,2,12,17,0,616,0,0.7000000000000001,344
2018,2,12,17,30,411,0,0.7000000000000001,347
2018,2,12,18,0,37,0,0.8,350
2018,2,12,18,30,0,4,0.8,350
2018,2,12,19,0,0,4,0.9,356
2018,2,12,19,30,0,4,0.9,181
2018,2,12,20,0,0,0,0.9,6
2018,2,12,20,30,0,0,0.9,11
2018,2,12,21,0,0,0,0.9,17
2018,2,12,21,30,0,0,0.9,21
2018,2,12,22,0,0,0,0.9,25
2018,2,12,22,30,0,0,1.0,28
2018,2,12,23,0,0,0,1.0,31
2018,2,12,23,30,0,0,0.9,36
2018,2,13,0,0,0,0,0.9,40
2018,2,13,0,30,0,0,0.9,44
2018,2,13,1,0,0,0,0.9,47
2018,2,13,1,30,0,4,0.9,50
2018,2,13,2,0,0,0,0.9,52
2018,2,13,2,30,0,0,0.9,55
2018,2,13,3,0,0,0,0.9,59
2018,2,13,3,30,0,0,0.9,62
2018,2,13,4,0,0,0,0.9,66
2018,2,13,4,30,0,0,0.9,68
2018,2,13,5,0,0,0,0.9,70
2018,2,13,5,30,0,0,0.9,70
2018,2,13,6,0,0,0,0.8,71
2018,2,13,6,30,0,0,0.9,72
2018,2,13,7,0,0,7,0.9,73
2018,2,13,7,30,78,4,0.9,77
2018,2,13,8,0,266,4,0.9,80
2018,2,13,8,30,502,7,1.0,86
2018,2,13,9,0,614,7,1.0,91
2018,2,13,9,30,654,7,1.0,96
2018,2,13,10,0,656,7,1.0,101
2018,2,13,10,30,693,7,0.9,107
2018,2,13,11,0,771,7,0.9,113
2018,2,13,11,30,786,7,0.9,120
2018,2,13,12,0,755,7,0.8,127
2018,2,13,12,30,731,7,0.8,135
2018,2,13,13,0,759,7,0.8,143
2018,2,13,13,30,764,7,0.8,149
2018,2,13,14,0,817,7,0.8,154
2018,2,13,14,30,801,7,0.8,158
2018,2,13,15,0,380,4,0.8,161
2018,2,13,15,30,57,4,0.6000000000000001,161
2018,2,13,16,0,29,4,0.5,161
2018,2,13,16,30,268,0,0.5,162
2018,2,13,17,0,326,0,0.5,163
2018,2,13,17,30,203,0,0.7000000000000001,169
2018,2,13,18,0,17,0,0.8,176
2018,2,13,18,30,0,4,0.8,176
2018,2,13,19,0,0,4,1.0,186
2018,2,13,19,30,0,4,0.9,186
2018,2,13,20,0,0,4,0.9,187
2018,2,13,20,30,0,4,0.9,186
2018,2,13,21,0,0,4,0.9,185
2018,2,13,21,30,0,4,0.9,185
2018,2,13,22,0,0,4,0.9,185
2018,2,13,22,30,0,4,0.8,185
2018,2,13,23,0,0,4,0.8,185
2018,2,13,23,30,0,4,0.9,192
2018,2,14,0,0,0,4,0.9,198
2018,2,14,0,30,0,4,0.9,200
2018,2,14,1,0,0,4,0.8,202
2018,2,14,1,30,0,4,0.9,208
2018,2,14,2,0,0,0,0.9,213
2018,2,14,2,30,0,0,0.9,220
2018,2,14,3,0,0,0,0.8,226
2018,2,14,3,30,0,0,0.8,232
2018,2,14,4,0,0,4,0.8,238
2018,2,14,4,30,0,4,0.8,239
2018,2,14,5,0,0,4,0.8,240
2018,2,14,5,30,0,4,0.8,239
2018,2,14,6,0,0,4,0.8,239
2018,2,14,6,30,0,3,0.7000000000000001,234
2018,2,14,7,0,0,3,0.6000000000000001,229
2018,2,14,7,30,64,0,0.7000000000000001,222
2018,2,14,8,0,95,4,0.7000000000000001,216
2018,2,14,8,30,41,4,0.8,213
2018,2,14,9,0,96,3,0.9,210
2018,2,14,9,30,245,3,1.1,216
2018,2,14,10,0,273,3,1.2000000000000002,221
2018,2,14,10,30,217,3,1.2000000000000002,221
2018,2,14,11,0,99,4,1.3,221
2018,2,14,11,30,135,4,1.3,219
2018,2,14,12,0,0,4,1.3,216
2018,2,14,12,30,2,4,1.3,216
2018,2,14,13,0,4,7,1.3,215
2018,2,14,13,30,1,7,1.3,222
2018,2,14,14,0,4,7,1.4000000000000001,229
2018,2,14,14,30,1,7,1.1,220
2018,2,14,15,0,23,7,0.8,211
2018,2,14,15,30,4,7,0.8,206
2018,2,14,16,0,22,6,0.7000000000000001,201
2018,2,14,16,30,0,7,0.7000000000000001,203
2018,2,14,17,0,0,6,0.6000000000000001,206
2018,2,14,17,30,0,7,0.7000000000000001,213
2018,2,14,18,0,5,7,0.8,221
2018,2,14,18,30,0,7,0.8,221
2018,2,14,19,0,0,7,1.0,230
2018,2,14,19,30,0,7,1.0,233
2018,2,14,20,0,0,7,1.1,236
2018,2,14,20,30,0,7,1.0,236
2018,2,14,21,0,0,7,1.0,237
2018,2,14,21,30,0,7,1.0,236
2018,2,14,22,0,0,7,1.0,235
2018,2,14,22,30,0,7,1.0,233
2018,2,14,23,0,0,6,1.0,231
2018,2,14,23,30,0,6,1.1,231
2018,2,15,0,0,0,6,1.1,230
2018,2,15,0,30,0,6,1.1,231
2018,2,15,1,0,0,6,1.1,232
2018,2,15,1,30,0,6,1.1,232
2018,2,15,2,0,0,7,1.1,232
2018,2,15,2,30,0,6,1.1,232
2018,2,15,3,0,0,7,1.2000000000000002,232
2018,2,15,3,30,0,7,1.2000000000000002,232
2018,2,15,4,0,0,7,1.2000000000000002,231
2018,2,15,4,30,0,7,1.3,232
2018,2,15,5,0,0,7,1.3,232
2018,2,15,5,30,0,7,1.3,234
2018,2,15,6,0,0,7,1.3,235
2018,2,15,6,30,0,7,1.2000000000000002,235
2018,2,15,7,0,0,7,1.2000000000000002,236
2018,2,15,7,30,20,7,1.2000000000000002,232
2018,2,15,8,0,81,7,1.1,228
2018,2,15,8,30,137,7,1.1,224
2018,2,15,9,0,206,7,1.1,220
2018,2,15,9,30,175,7,1.1,217
2018,2,15,10,0,177,7,1.1,215
2018,2,15,10,30,131,7,1.3,222
2018,2,15,11,0,0,7,1.5,229
2018,2,15,11,30,1,7,1.6,230
2018,2,15,12,0,49,7,1.7000000000000002,231
2018,2,15,12,30,41,3,1.8,234
2018,2,15,13,0,10,4,1.9000000000000001,236
2018,2,15,13,30,1,8,1.8,239
2018,2,15,14,0,0,8,1.6,241
2018,2,15,14,30,0,8,1.4000000000000001,242
2018,2,15,15,0,0,8,1.1,243
2018,2,15,15,30,0,7,0.9,242
2018,2,15,16,0,0,7,0.7000000000000001,240
2018,2,15,16,30,0,6,0.7000000000000001,234
2018,2,15,17,0,0,7,0.8,227
2018,2,15,17,30,0,6,1.1,230
2018,2,15,18,0,0,8,1.4000000000000001,233
2018,2,15,18,30,0,7,1.4000000000000001,233
2018,2,15,19,0,0,6,1.5,244
2018,2,15,19,30,0,6,1.6,248
2018,2,15,20,0,0,6,1.7000000000000002,253
2018,2,15,20,30,0,7,1.7000000000000002,256
2018,2,15,21,0,0,6,1.7000000000000002,260
2018,2,15,21,30,0,6,1.6,265
2018,2,15,22,0,0,6,1.5,270
2018,2,15,22,30,0,6,1.3,272
2018,2,15,23,0,0,6,1.1,275
2018,2,15,23,30,0,6,1.0,277
2018,2,16,0,0,0,6,0.9,279
2018,2,16,0,30,0,6,0.8,286
2018,2,16,1,0,0,6,0.8,293
2018,2,16,1,30,0,6,0.8,299
2018,2,16,2,0,0,7,0.9,304
2018,2,16,2,30,0,7,0.9,300
2018,2,16,3,0,0,7,0.8,297
2018,2,16,3,30,0,7,0.8,294
2018,2,16,4,0,0,6,0.7000000000000001,291
2018,2,16,4,30,0,6,0.7000000000000001,293
2018,2,16,5,0,0,6,0.8,294
2018,2,16,5,30,0,6,0.7000000000000001,297
2018,2,16,6,0,0,7,0.6000000000000001,299
2018,2,16,6,30,0,7,0.6000000000000001,303
2018,2,16,7,0,0,6,0.6000000000000001,306
2018,2,16,7,30,0,6,0.8,311
2018,2,16,8,0,0,6,1.0,316
2018,2,16,8,30,0,6,1.3,321
2018,2,16,9,0,0,6,1.6,326
2018,2,16,9,30,0,6,1.7000000000000002,328
2018,2,16,10,0,0,6,1.7000000000000002,330
2018,2,16,10,30,0,6,1.7000000000000002,330
2018,2,16,11,0,0,6,1.7000000000000002,329
2018,2,16,11,30,0,6,1.7000000000000002,328
2018,2,16,12,0,0,6,1.8,327
2018,2,16,12,30,0,6,1.8,328
2018,2,16,13,0,0,6,1.8,328
2018,2,16,13,30,0,7,1.8,328
2018,2,16,14,0,0,7,1.8,329
2018,2,16,14,30,0,7,1.7000000000000002,330
2018,2,16,15,0,0,7,1.6,331
2018,2,16,15,30,0,7,1.5,332
2018,2,16,16,0,0,7,1.4000000000000001,334
2018,2,16,16,30,0,7,1.2000000000000002,335
2018,2,16,17,0,0,4,1.0,337
2018,2,16,17,30,0,4,0.9,340
2018,2,16,18,0,0,4,0.8,342
2018,2,16,18,30,0,4,0.8,342
2018,2,16,19,0,0,4,0.7000000000000001,349
2018,2,16,19,30,0,4,0.6000000000000001,354
2018,2,16,20,0,0,4,0.4,359
2018,2,16,20,30,0,4,0.4,184
2018,2,16,21,0,0,4,0.30000000000000004,10
2018,2,16,21,30,0,4,0.4,11
2018,2,16,22,0,0,4,0.4,11
2018,2,16,22,30,0,4,0.5,11
2018,2,16,23,0,0,4,0.5,11
2018,2,16,23,30,0,4,0.5,18
2018,2,17,0,0,0,4,0.5,25
2018,2,17,0,30,0,4,0.5,38
2018,2,17,1,0,0,4,0.5,52
2018,2,17,1,30,0,0,0.4,75
2018,2,17,2,0,0,0,0.4,98
2018,2,17,2,30,0,0,0.4,111
2018,2,17,3,0,0,4,0.4,124
2018,2,17,3,30,0,4,0.4,129
2018,2,17,4,0,0,7,0.5,133
2018,2,17,4,30,0,7,0.5,132
2018,2,17,5,0,0,7,0.5,131
2018,2,17,5,30,0,7,0.6000000000000001,130
2018,2,17,6,0,0,4,0.6000000000000001,128
2018,2,17,6,30,0,4,0.7000000000000001,127
2018,2,17,7,0,0,4,0.7000000000000001,126
2018,2,17,7,30,28,4,0.8,131
2018,2,17,8,0,0,4,0.9,136
2018,2,17,8,30,0,7,0.9,149
2018,2,17,9,0,0,7,0.9,162
2018,2,17,9,30,0,7,0.9,167
2018,2,17,10,0,0,7,1.0,172
2018,2,17,10,30,0,7,1.0,168
2018,2,17,11,0,0,6,1.0,164
2018,2,17,11,30,0,6,1.0,167
2018,2,17,12,0,0,6,0.9,171
2018,2,17,12,30,0,6,0.9,173
2018,2,17,13,0,0,6,0.8,174
2018,2,17,13,30,0,6,0.7000000000000001,177
2018,2,17,14,0,0,6,0.7000000000000001,180
2018,2,17,14,30,0,6,0.6000000000000001,178
2018,2,17,15,0,0,6,0.5,177
2018,2,17,15,30,0,6,0.4,173
2018,2,17,16,0,0,6,0.4,170
2018,2,17,16,30,0,6,0.4,169
2018,2,17,17,0,0,6,0.4,167
2018,2,17,17,30,0,6,0.30000000000000004,191
2018,2,17,18,0,10,7,0.30000000000000004,214
2018,2,17,18,30,0,7,0.30000000000000004,214
2018,2,17,19,0,0,4,0.4,239
2018,2,17,19,30,0,4,0.4,240
2018,2,17,20,0,0,4,0.5,241
2018,2,17,20,30,0,4,0.5,241
2018,2,17,21,0,0,4,0.6000000000000001,241
2018,2,17,21,30,0,4,0.6000000000000001,242
2018,2,17,22,0,0,4,0.7000000000000001,242
2018,2,17,22,30,0,4,0.8,245
2018,2,17,23,0,0,4,0.9,248
2018,2,17,23,30,0,4,1.0,251
2018,2,18,0,0,0,4,1.1,255
2018,2,18,0,30,0,4,1.1,257
2018,2,18,1,0,0,4,1.1,260
2018,2,18,1,30,0,4,1.1,263
2018,2,18,2,0,0,4,1.2000000000000002,266
2018,2,18,2,30,0,4,1.2000000000000002,269
2018,2,18,3,0,0,4,1.2000000000000002,273
2018,2,18,3,30,0,4,1.2000000000000002,277
2018,2,18,4,0,0,4,1.1,282
2018,2,18,4,30,0,4,1.1,286
2018,2,18,5,0,0,4,1.0,291
2018,2,18,5,30,0,4,1.0,296
2018,2,18,6,0,0,4,0.9,302
2018,2,18,6,30,0,4,0.8,308
2018,2,18,7,0,0,4,0.7000000000000001,313
2018,2,18,7,30,16,4,0.8,320
2018,2,18,8,0,0,4,0.8,326
2018,2,18,8,30,0,4,0.8,331
2018,2,18,9,0,4,4,0.7000000000000001,335
2018,2,18,9,30,4,4,0.5,330
2018,2,18,10,0,106,4,0.4,326
2018,2,18,10,30,421,4,0.30000000000000004,278
2018,2,18,11,0,543,7,0.30000000000000004,231
2018,2,18,11,30,426,7,0.5,212
2018,2,18,12,0,420,7,0.7000000000000001,193
2018,2,18,12,30,464,7,0.8,190
2018,2,18,13,0,505,7,0.9,187
2018,2,18,13,30,481,7,0.9,186
2018,2,18,14,0,321,7,1.0,185
2018,2,18,14,30,160,7,1.0,182
2018,2,18,15,0,186,7,0.9,180
2018,2,18,15,30,237,7,0.7000000000000001,171
2018,2,18,16,0,457,7,0.5,163
2018,2,18,16,30,554,7,0.5,150
2018,2,18,17,0,388,4,0.4,138
2018,2,18,17,30,290,7,0.5,133
2018,2,18,18,0,70,7,0.6000000000000001,128
2018,2,18,18,30,0,7,0.6000000000000001,128
2018,2,18,19,0,0,7,0.8,126
2018,2,18,19,30,0,7,0.9,124
2018,2,18,20,0,0,7,0.9,122
2018,2,18,20,30,0,7,1.0,121
2018,2,18,21,0,0,0,1.0,120
2018,2,18,21,30,0,4,1.0,122
2018,2,18,22,0,0,6,1.1,123
2018,2,18,22,30,0,6,1.1,128
2018,2,18,23,0,0,6,1.1,132
2018,2,18,23,30,0,7,1.2000000000000002,138
2018,2,19,0,0,0,7,1.2000000000000002,144
2018,2,19,0,30,0,7,1.2000000000000002,147
2018,2,19,1,0,0,7,1.2000000000000002,151
2018,2,19,1,30,0,7,1.1,153
2018,2,19,2,0,0,4,1.1,155
2018,2,19,2,30,0,7,1.1,158
2018,2,19,3,0,0,7,1.1,161
2018,2,19,3,30,0,7,1.1,164
2018,2,19,4,0,0,4,1.1,167
2018,2,19,4,30,0,0,1.1,165
2018,2,19,5,0,0,0,1.1,163
2018,2,19,5,30,0,0,1.1,168
2018,2,19,6,0,0,3,1.0,172
2018,2,19,6,30,0,4,1.2000000000000002,187
2018,2,19,7,0,0,4,1.4000000000000001,201
2018,2,19,7,30,0,4,1.3,191
2018,2,19,8,0,1,4,1.1,180
2018,2,19,8,30,12,7,1.1,176
2018,2,19,9,0,3,7,1.1,172
2018,2,19,9,30,0,6,1.1,166
2018,2,19,10,0,0,7,1.2000000000000002,160
2018,2,19,10,30,1,7,1.2000000000000002,160
2018,2,19,11,0,0,7,1.2000000000000002,160
2018,2,19,11,30,0,7,1.3,171
2018,2,19,12,0,0,7,1.3,182
2018,2,19,12,30,2,7,1.4000000000000001,190
2018,2,19,13,0,0,6,1.4000000000000001,199
2018,2,19,13,30,1,7,1.4000000000000001,201
2018,2,19,14,0,7,8,1.4000000000000001,203
2018,2,19,14,30,6,8,1.3,205
2018,2,19,15,0,2,8,1.3,206
2018,2,19,15,30,0,8,1.3,208
2018,2,19,16,0,0,7,1.4000000000000001,210
2018,2,19,16,30,0,7,1.4000000000000001,206
2018,2,19,17,0,0,7,1.3,203
2018,2,19,17,30,0,7,1.4000000000000001,201
2018,2,19,18,0,2,7,1.4000000000000001,199
2018,2,19,18,30,0,7,1.4000000000000001,199
2018,2,19,19,0,0,7,1.5,200
2018,2,19,19,30,0,8,1.5,200
2018,2,19,20,0,0,7,1.6,201
2018,2,19,20,30,0,7,1.6,202
2018,2,19,21,0,0,7,1.6,203
2018,2,19,21,30,0,7,1.6,203
2018,2,19,22,0,0,7,1.5,203
2018,2,19,22,30,0,3,1.5,199
2018,2,19,23,0,0,7,1.4000000000000001,195
2018,2,19,23,30,0,7,1.4000000000000001,192
2018,2,20,0,0,0,7,1.3,188
2018,2,20,0,30,0,7,1.3,187
2018,2,20,1,0,0,7,1.2000000000000002,186
2018,2,20,1,30,0,7,1.2000000000000002,188
2018,2,20,2,0,0,7,1.3,190
2018,2,20,2,30,0,7,1.2000000000000002,192
2018,2,20,3,0,0,7,1.2000000000000002,194
2018,2,20,3,30,0,7,1.1,193
2018,2,20,4,0,0,6,1.1,192
2018,2,20,4,30,0,7,1.1,191
2018,2,20,5,0,0,7,1.1,189
2018,2,20,5,30,0,7,1.1,189
2018,2,20,6,0,0,7,1.2000000000000002,188
2018,2,20,6,30,0,7,1.2000000000000002,190
2018,2,20,7,0,0,7,1.3,192
2018,2,20,7,30,10,7,1.3,194
2018,2,20,8,0,36,7,1.4000000000000001,197
2018,2,20,8,30,70,6,1.4000000000000001,195
2018,2,20,9,0,264,7,1.4000000000000001,192
2018,2,20,9,30,275,7,1.6,194
2018,2,20,10,0,278,7,1.7000000000000002,196
2018,2,20,10,30,100,6,1.8,199
2018,2,20,11,0,163,7,1.9000000000000001,201
2018,2,20,11,30,159,7,1.9000000000000001,202
2018,2,20,12,0,144,7,2.0,202
2018,2,20,12,30,131,7,2.0,203
2018,2,20,13,0,223,7,2.0,204
2018,2,20,13,30,231,7,1.9000000000000001,203
2018,2,20,14,0,261,7,1.8,203
2018,2,20,14,30,357,7,1.7000000000000002,204
2018,2,20,15,0,303,7,1.6,204
2018,2,20,15,30,272,7,1.4000000000000001,205
2018,2,20,16,0,184,7,1.3,205
2018,2,20,16,30,188,7,1.2000000000000002,204
2018,2,20,17,0,4,7,1.1,203
2018,2,20,17,30,0,7,1.1,202
2018,2,20,18,0,2,7,1.2000000000000002,200
2018,2,20,18,30,0,7,1.2000000000000002,200
2018,2,20,19,0,0,7,1.2000000000000002,199
2018,2,20,19,30,0,7,1.2000000000000002,198
2018,2,20,20,0,0,7,1.3,198
2018,2,20,20,30,0,7,1.3,200
2018,2,20,21,0,0,7,1.3,201
2018,2,20,21,30,0,7,1.4000000000000001,203
2018,2,20,22,0,0,7,1.4000000000000001,206
2018,2,20,22,30,0,7,1.4000000000000001,206
2018,2,20,23,0,0,7,1.4000000000000001,206
2018,2,20,23,30,0,7,1.4000000000000001,204
2018,2,21,0,0,0,7,1.4000000000000001,203
2018,2,21,0,30,0,0,1.4000000000000001,203
2018,2,21,1,0,0,0,1.4000000000000001,203
2018,2,21,1,30,0,3,1.4000000000000001,202
2018,2,21,2,0,0,3,1.5,201
2018,2,21,2,30,0,4,1.5,200
2018,2,21,3,0,0,7,1.5,200
2018,2,21,3,30,0,7,1.5,199
2018,2,21,4,0,0,7,1.5,199
2018,2,21,4,30,0,8,1.5,199
2018,2,21,5,0,0,7,1.5,199
2018,2,21,5,30,0,0,1.5,199
2018,2,21,6,0,0,7,1.5,199
2018,2,21,6,30,0,7,1.4000000000000001,197
2018,2,21,7,0,0,7,1.4000000000000001,196
2018,2,21,7,30,20,4,1.3,198
2018,2,21,8,0,0,4,1.2000000000000002,200
2018,2,21,8,30,0,7,1.2000000000000002,221
2018,2,21,9,0,5,7,1.3,243
2018,2,21,9,30,0,7,1.4000000000000001,269
2018,2,21,10,0,0,7,1.5,295
2018,2,21,10,30,0,7,1.6,310
2018,2,21,11,0,0,7,1.8,325
2018,2,21,11,30,0,7,1.7000000000000002,332
2018,2,21,12,0,0,7,1.7000000000000002,339
2018,2,21,12,30,0,7,1.7000000000000002,343
2018,2,21,13,0,0,7,1.6,347
2018,2,21,13,30,0,7,1.5,351
2018,2,21,14,0,0,7,1.5,355
2018,2,21,14,30,3,7,1.5,355
2018,2,21,15,0,0,7,1.5,356
2018,2,21,15,30,0,7,1.5,179
2018,2,21,16,0,0,4,1.5,1
2018,2,21,16,30,0,7,1.4000000000000001,2
2018,2,21,17,0,0,4,1.3,3
2018,2,21,17,30,0,4,1.3,2
2018,2,21,18,0,0,4,1.3,2
2018,2,21,18,30,0,4,1.3,2
2018,2,21,19,0,0,7,1.2000000000000002,14
2018,2,21,19,30,0,4,1.1,21
2018,2,21,20,0,0,4,1.0,28
2018,2,21,20,30,0,7,1.0,29
2018,2,21,21,0,0,4,1.0,29
2018,2,21,21,30,0,4,1.0,27
2018,2,21,22,0,0,4,1.0,26
2018,2,21,22,30,0,4,1.0,27
2018,2,21,23,0,0,4,0.9,29
2018,2,21,23,30,0,7,1.0,27
2018,2,22,0,0,0,4,1.1,26
2018,2,22,0,30,0,7,1.2000000000000002,27
2018,2,22,1,0,0,7,1.2000000000000002,27
2018,2,22,1,30,0,7,1.3,27
2018,2,22,2,0,0,7,1.3,28
2018,2,22,2,30,0,7,1.3,23
2018,2,22,3,0,0,7,1.3,19
2018,2,22,3,30,0,7,1.3,25
2018,2,22,4,0,0,6,1.3,32
2018,2,22,4,30,0,6,1.3,42
2018,2,22,5,0,0,7,1.3,53
2018,2,22,5,30,0,6,1.3,54
2018,2,22,6,0,0,7,1.3,56
2018,2,22,6,30,0,7,1.4000000000000001,53
2018,2,22,7,0,0,7,1.6,50
2018,2,22,7,30,14,7,1.6,49
2018,2,22,8,0,0,7,1.6,48
2018,2,22,8,30,3,7,1.4000000000000001,48
2018,2,22,9,0,0,7,1.3,49
2018,2,22,9,30,0,7,1.4000000000000001,48
2018,2,22,10,0,0,4,1.6,47
2018,2,22,10,30,43,4,1.5,50
2018,2,22,11,0,128,4,1.5,52
2018,2,22,11,30,3,4,1.4000000000000001,50
2018,2,22,12,0,0,4,1.4000000000000001,49
2018,2,22,12,30,45,2,1.4000000000000001,46
2018,2,22,13,0,47,4,1.4000000000000001,42
2018,2,22,13,30,38,4,1.4000000000000001,48
2018,2,22,14,0,80,4,1.4000000000000001,54
2018,2,22,14,30,58,4,1.4000000000000001,59
2018,2,22,15,0,16,4,1.3,64
2018,2,22,15,30,1,4,1.2000000000000002,66
2018,2,22,16,0,0,4,1.1,69
2018,2,22,16,30,0,4,0.9,70
2018,2,22,17,0,140,7,0.7000000000000001,71
2018,2,22,17,30,0,7,0.7000000000000001,73
2018,2,22,18,0,14,7,0.6000000000000001,74
2018,2,22,18,30,0,7,0.6000000000000001,74
2018,2,22,19,0,0,7,0.5,71
2018,2,22,19,30,0,7,0.6000000000000001,71
2018,2,22,20,0,0,7,0.6000000000000001,71
2018,2,22,20,30,0,7,0.6000000000000001,74
2018,2,22,21,0,0,7,0.7000000000000001,77
2018,2,22,21,30,0,4,0.6000000000000001,79
2018,2,22,22,0,0,7,0.6000000000000001,80
2018,2,22,22,30,0,7,0.6000000000000001,79
2018,2,22,23,0,0,7,0.6000000000000001,77
2018,2,22,23,30,0,4,0.6000000000000001,81
2018,2,23,0,0,0,4,0.6000000000000001,85
2018,2,23,0,30,0,7,0.5,93
2018,2,23,1,0,0,4,0.4,101
2018,2,23,1,30,0,4,0.4,108
2018,2,23,2,0,0,4,0.4,115
2018,2,23,2,30,0,4,0.30000000000000004,117
2018,2,23,3,0,0,4,0.30000000000000004,119
2018,2,23,3,30,0,4,0.4,121
2018,2,23,4,0,0,4,0.4,124
2018,2,23,4,30,0,4,0.6000000000000001,123
2018,2,23,5,0,0,4,0.8,123
2018,2,23,5,30,0,4,0.8,131
2018,2,23,6,0,0,7,0.8,138
2018,2,23,6,30,0,7,0.7000000000000001,147
2018,2,23,7,0,0,7,0.6000000000000001,156
2018,2,23,7,30,0,7,0.6000000000000001,156
2018,2,23,8,0,0,7,0.6000000000000001,155
2018,2,23,8,30,0,7,0.7000000000000001,156
2018,2,23,9,0,0,7,0.8,156
2018,2,23,9,30,0,6,0.9,160
2018,2,23,10,0,0,6,0.9,163
2018,2,23,10,30,0,7,1.1,175
2018,2,23,11,0,0,7,1.2000000000000002,187
2018,2,23,11,30,0,7,1.4000000000000001,200
2018,2,23,12,0,1,7,1.5,213
2018,2,23,12,30,0,7,1.5,218
2018,2,23,13,0,0,4,1.4000000000000001,223
2018,2,23,13,30,0,4,1.4000000000000001,229
2018,2,23,14,0,0,4,1.3,235
2018,2,23,14,30,0,7,1.3,238
2018,2,23,15,0,0,7,1.3,241
2018,2,23,15,30,0,7,1.2000000000000002,245
2018,2,23,16,0,17,7,1.2000000000000002,248
2018,2,23,16,30,3,7,1.1,252
2018,2,23,17,0,0,7,1.0,256
2018,2,23,17,30,0,7,1.0,259
2018,2,23,18,0,0,7,1.0,262
2018,2,23,18,30,0,7,1.0,262
2018,2,23,19,0,0,7,0.8,264
2018,2,23,19,30,0,6,0.7000000000000001,260
2018,2,23,20,0,0,7,0.5,256
2018,2,23,20,30,0,7,0.5,258
2018,2,23,21,0,0,7,0.4,259
2018,2,23,21,30,0,7,0.5,266
2018,2,23,22,0,0,7,0.5,273
2018,2,23,22,30,0,7,0.5,285
2018,2,23,23,0,0,7,0.6000000000000001,296
2018,2,23,23,30,0,7,0.6000000000000001,308
2018,2,24,0,0,0,7,0.7000000000000001,320
2018,2,24,0,30,0,7,0.7000000000000001,328
2018,2,24,1,0,0,7,0.6000000000000001,337
2018,2,24,1,30,0,7,0.6000000000000001,344
2018,2,24,2,0,0,4,0.6000000000000001,350
2018,2,24,2,30,0,7,0.6000000000000001,176
2018,2,24,3,0,0,7,0.6000000000000001,2
2018,2,24,3,30,0,8,0.6000000000000001,7
2018,2,24,4,0,0,7,0.6000000000000001,12
2018,2,24,4,30,0,7,0.6000000000000001,18
2018,2,24,5,0,0,4,0.6000000000000001,25
2018,2,24,5,30,0,7,0.6000000000000001,34
2018,2,24,6,0,0,7,0.6000000000000001,43
2018,2,24,6,30,0,7,0.6000000000000001,41
2018,2,24,7,0,10,7,0.5,39
2018,2,24,7,30,10,7,0.7000000000000001,29
2018,2,24,8,0,0,7,0.9,19
2018,2,24,8,30,0,7,1.0,22
2018,2,24,9,0,0,7,1.1,25
2018,2,24,9,30,0,7,1.1,35
2018,2,24,10,0,0,7,1.1,45
2018,2,24,10,30,0,7,1.1,51
2018,2,24,11,0,0,7,1.1,57
2018,2,24,11,30,0,7,1.0,57
2018,2,24,12,0,0,7,0.9,58
2018,2,24,12,30,0,7,1.0,50
2018,2,24,13,0,0,7,1.0,42
2018,2,24,13,30,0,7,1.1,45
2018,2,24,14,0,0,4,1.1,48
2018,2,24,14,30,49,4,1.1,60
2018,2,24,15,0,16,4,1.1,72
2018,2,24,15,30,1,4,1.0,77
2018,2,24,16,0,11,4,0.9,82
2018,2,24,16,30,81,4,0.8,83
2018,2,24,17,0,1,4,0.7000000000000001,83
2018,2,24,17,30,0,7,0.8,84
2018,2,24,18,0,0,7,0.8,84
2018,2,24,18,30,0,7,0.8,84
2018,2,24,19,0,0,7,0.9,90
2018,2,24,19,30,0,6,0.8,96
2018,2,24,20,0,0,6,0.8,102
2018,2,24,20,30,0,7,0.8,115
2018,2,24,21,0,0,7,0.9,128
2018,2,24,21,30,0,7,1.0,141
2018,2,24,22,0,0,6,1.2000000000000002,154
2018,2,24,22,30,0,6,1.2000000000000002,160
2018,2,24,23,0,0,6,1.1,166
2018,2,24,23,30,0,6,1.2000000000000002,169
2018,2,25,0,0,0,6,1.3,173
2018,2,25,0,30,0,6,1.5,178
2018,2,25,1,0,0,6,1.7000000000000002,184
2018,2,25,1,30,0,6,1.8,188
2018,2,25,2,0,0,6,1.9000000000000001,193
2018,2,25,2,30,0,6,1.9000000000000001,195
2018,2,25,3,0,0,6,2.0,197
2018,2,25,3,30,0,6,2.1,200
2018,2,25,4,0,0,6,2.3000000000000003,202
2018,2,25,4,30,0,6,2.2,208
2018,2,25,5,0,0,6,2.2,213
2018,2,25,5,30,0,6,1.9000000000000001,221
2018,2,25,6,0,0,9,1.7000000000000002,228
2018,2,25,6,30,0,6,1.7000000000000002,242
2018,2,25,7,0,15,6,1.7000000000000002,256
2018,2,25,7,30,15,6,1.8,263
2018,2,25,8,0,5,6,1.9000000000000001,269
2018,2,25,8,30,14,6,1.8,268
2018,2,25,9,0,5,6,1.6,266
2018,2,25,9,30,0,6,1.6,263
2018,2,25,10,0,0,6,1.5,261
2018,2,25,10,30,58,6,1.5,259
2018,2,25,11,0,32,6,1.4000000000000001,258
2018,2,25,11,30,84,6,1.5,257
2018,2,25,12,0,146,6,1.5,255
2018,2,25,12,30,241,7,1.5,254
2018,2,25,13,0,226,7,1.5,253
2018,2,25,13,30,50,6,1.5,251
2018,2,25,14,0,169,6,1.4000000000000001,250
2018,2,25,14,30,78,6,1.4000000000000001,248
2018,2,25,15,0,63,6,1.3,246
2018,2,25,15,30,191,6,1.3,246
2018,2,25,16,0,186,6,1.2000000000000002,246
2018,2,25,16,30,56,6,1.0,248
2018,2,25,17,0,16,6,0.9,249
2018,2,25,17,30,4,7,0.8,252
2018,2,25,18,0,13,7,0.7000000000000001,254
2018,2,25,18,30,0,7,0.7000000000000001,254
2018,2,25,19,0,0,6,0.6000000000000001,259
2018,2,25,19,30,0,6,0.6000000000000001,263
2018,2,25,20,0,0,7,0.6000000000000001,268
2018,2,25,20,30,0,7,0.6000000000000001,274
2018,2,25,21,0,0,7,0.6000000000000001,280
2018,2,25,21,30,0,7,0.6000000000000001,282
2018,2,25,22,0,0,7,0.6000000000000001,284
2018,2,25,22,30,0,7,0.5,283
2018,2,25,23,0,0,7,0.5,283
2018,2,25,23,30,0,7,0.4,282
2018,2,26,0,0,0,7,0.4,281
2018,2,26,0,30,0,7,0.4,280
2018,2,26,1,0,0,7,0.4,279
2018,2,26,1,30,0,7,0.4,276
2018,2,26,2,0,0,7,0.4,273
2018,2,26,2,30,0,7,0.4,270
2018,2,26,3,0,0,7,0.4,266
2018,2,26,3,30,0,7,0.5,266
2018,2,26,4,0,0,7,0.5,265
2018,2,26,4,30,0,7,0.6000000000000001,264
2018,2,26,5,0,0,7,0.6000000000000001,263
2018,2,26,5,30,0,7,0.6000000000000001,265
2018,2,26,6,0,0,0,0.5,266
2018,2,26,6,30,0,8,0.6000000000000001,269
2018,2,26,7,0,13,0,0.6000000000000001,273
2018,2,26,7,30,280,0,0.7000000000000001,276
2018,2,26,8,0,576,0,0.7000000000000001,280
2018,2,26,8,30,714,0,0.8,291
2018,2,26,9,0,802,0,0.8,302
2018,2,26,9,30,863,0,0.9,305
2018,2,26,10,0,907,0,0.9,307
2018,2,26,10,30,938,0,0.9,303
2018,2,26,11,0,960,0,0.8,300
2018,2,26,11,30,974,0,0.8,296
2018,2,26,12,0,983,0,0.8,292
2018,2,26,12,30,987,0,0.9,291
2018,2,26,13,0,986,0,0.9,289
2018,2,26,13,30,982,0,0.9,288
2018,2,26,14,0,972,0,0.9,287
2018,2,26,14,30,956,0,0.9,286
2018,2,26,15,0,934,0,0.9,286
2018,2,26,15,30,902,0,0.8,286
2018,2,26,16,0,856,0,0.7000000000000001,286
2018,2,26,16,30,791,0,0.5,287
2018,2,26,17,0,691,0,0.4,288
2018,2,26,17,30,528,0,0.4,289
2018,2,26,18,0,213,0,0.4,291
2018,2,26,18,30,0,0,0.4,291
2018,2,26,19,0,0,0,0.5,294
2018,2,26,19,30,0,0,0.5,294
2018,2,26,20,0,0,0,0.5,294
2018,2,26,20,30,0,0,0.5,292
2018,2,26,21,0,0,0,0.5,290
2018,2,26,21,30,0,0,0.5,288
2018,2,26,22,0,0,0,0.5,286
2018,2,26,22,30,0,0,0.6000000000000001,284
2018,2,26,23,0,0,0,0.7000000000000001,282
2018,2,26,23,30,0,0,0.8,277
2018,2,27,0,0,0,0,0.9,271
2018,2,27,0,30,0,0,0.9,265
2018,2,27,1,0,0,0,0.9,259
2018,2,27,1,30,0,0,0.8,253
2018,2,27,2,0,0,0,0.8,247
2018,2,27,2,30,0,0,0.8,239
2018,2,27,3,0,0,0,0.8,232
2018,2,27,3,30,0,0,0.8,225
2018,2,27,4,0,0,0,0.8,218
2018,2,27,4,30,0,0,0.7000000000000001,214
2018,2,27,5,0,0,0,0.7000000000000001,209
2018,2,27,5,30,0,0,0.6000000000000001,209
2018,2,27,6,0,0,0,0.5,208
2018,2,27,6,30,0,0,0.5,206
2018,2,27,7,0,28,0,0.6000000000000001,204
2018,2,27,7,30,362,0,0.7000000000000001,201
2018,2,27,8,0,591,0,0.8,199
2018,2,27,8,30,723,0,0.8,194
2018,2,27,9,0,808,0,0.7000000000000001,190
2018,2,27,9,30,870,0,0.9,195
2018,2,27,10,0,917,0,1.1,200
2018,2,27,10,30,944,0,1.1,201
2018,2,27,11,0,962,0,1.2000000000000002,201
2018,2,27,11,30,976,0,1.2000000000000002,202
2018,2,27,12,0,984,0,1.2000000000000002,202
2018,2,27,12,30,989,0,1.2000000000000002,203
2018,2,27,13,0,991,0,1.2000000000000002,203
2018,2,27,13,30,985,0,1.1,204
2018,2,27,14,0,975,0,1.1,205
2018,2,27,14,30,849,0,1.1,206
2018,2,27,15,0,801,0,1.0,206
2018,2,27,15,30,850,0,0.8,205
2018,2,27,16,0,850,0,0.6000000000000001,203
2018,2,27,16,30,778,0,0.5,199
2018,2,27,17,0,502,7,0.4,195
2018,2,27,17,30,254,7,0.6000000000000001,193
2018,2,27,18,0,115,7,0.7000000000000001,190
2018,2,27,18,30,0,7,0.7000000000000001,190
2018,2,27,19,0,0,0,0.6000000000000001,183
2018,2,27,19,30,0,0,0.6000000000000001,180
2018,2,27,20,0,0,0,0.6000000000000001,176
2018,2,27,20,30,0,0,0.5,174
2018,2,27,21,0,0,4,0.5,172
2018,2,27,21,30,0,4,0.5,169
2018,2,27,22,0,0,7,0.5,166
2018,2,27,22,30,0,7,0.5,166
2018,2,27,23,0,0,7,0.5,165
2018,2,27,23,30,0,7,0.5,167
2018,2,28,0,0,0,7,0.5,169
2018,2,28,0,30,0,7,0.5,173
2018,2,28,1,0,0,7,0.5,176
2018,2,28,1,30,0,7,0.5,182
2018,2,28,2,0,0,7,0.5,187
2018,2,28,2,30,0,7,0.6000000000000001,189
2018,2,28,3,0,0,7,0.6000000000000001,192
2018,2,28,3,30,0,7,0.6000000000000001,192
2018,2,28,4,0,0,7,0.6000000000000001,192
2018,2,28,4,30,0,7,0.7000000000000001,191
2018,2,28,5,0,0,7,0.7000000000000001,189
2018,2,28,5,30,0,0,0.8,189
2018,2,28,6,0,0,0,0.8,188
2018,2,28,6,30,0,7,0.9,190
2018,2,28,7,0,37,0,1.0,192
2018,2,28,7,30,155,4,1.0,194
2018,2,28,8,0,322,4,1.1,195
2018,2,28,8,30,640,0,1.2000000000000002,197
2018,2,28,9,0,745,0,1.2000000000000002,198
2018,2,28,9,30,724,0,1.3,204
2018,2,28,10,0,695,0,1.5,210
2018,2,28,10,30,376,7,1.5,216
2018,2,28,11,0,501,7,1.6,222
2018,2,28,11,30,639,0,1.6,227
2018,2,28,12,0,271,7,1.7000000000000002,231
2018,2,28,12,30,50,4,1.7000000000000002,232
2018,2,28,13,0,47,4,1.7000000000000002,233
2018,2,28,13,30,68,4,1.6,233
2018,2,28,14,0,29,4,1.5,233
2018,2,28,14,30,1,4,1.3,232
2018,2,28,15,0,3,4,1.2000000000000002,231
2018,2,28,15,30,92,4,1.0,227
2018,2,28,16,0,269,3,0.8,223
2018,2,28,16,30,246,3,0.7000000000000001,221
2018,2,28,17,0,384,0,0.6000000000000001,220
2018,2,28,17,30,162,3,0.6000000000000001,220
2018,2,28,18,0,10,3,0.7000000000000001,219
2018,2,28,18,30,0,3,0.7000000000000001,219
2018,2,28,19,0,0,7,0.7000000000000001,220
2018,2,28,19,30,0,7,0.6000000000000001,222
2018,2,28,20,0,0,7,0.5,224
2018,2,28,20,30,0,4,0.5,226
2018,2,28,21,0,0,3,0.5,228
2018,2,28,21,30,0,4,0.4,228
2018,2,28,22,0,0,7,0.4,229
2018,2,28,22,30,0,6,0.4,227
2018,2,28,23,0,0,7,0.30000000000000004,226
2018,2,28,23,30,0,7,0.30000000000000004,223
2018,3,1,0,0,0,7,0.30000000000000004,220
2018,3,1,0,30,0,7,0.4,208
2018,3,1,1,0,0,7,0.5,197
2018,3,1,1,30,0,7,0.5,174
2018,3,1,2,0,0,6,0.4,151
2018,3,1,2,30,0,6,0.4,133
2018,3,1,3,0,0,6,0.30000000000000004,115
2018,3,1,3,30,0,6,0.4,116
2018,3,1,4,0,0,6,0.4,117
2018,3,1,4,30,0,6,0.5,115
2018,3,1,5,0,0,6,0.6000000000000001,114
2018,3,1,5,30,0,6,0.6000000000000001,109
2018,3,1,6,0,0,6,0.5,105
2018,3,1,6,30,0,9,0.5,104
2018,3,1,7,0,0,6,0.5,103
2018,3,1,7,30,0,6,0.5,104
2018,3,1,8,0,0,6,0.5,105
2018,3,1,8,30,0,6,0.6000000000000001,104
2018,3,1,9,0,0,6,0.7000000000000001,103
2018,3,1,9,30,0,6,0.9,101
2018,3,1,10,0,0,6,1.0,100
2018,3,1,10,30,0,6,1.0,106
2018,3,1,11,0,0,6,1.0,111
2018,3,1,11,30,0,9,1.0,123
2018,3,1,12,0,0,6,1.0,134
2018,3,1,12,30,0,6,1.0,139
2018,3,1,13,0,0,6,0.9,144
2018,3,1,13,30,0,6,0.8,151
2018,3,1,14,0,0,7,0.7000000000000001,158
2018,3,1,14,30,1,4,0.7000000000000001,155
2018,3,1,15,0,0,7,0.6000000000000001,152
2018,3,1,15,30,0,7,0.6000000000000001,176
2018,3,1,16,0,0,7,0.6000000000000001,200
2018,3,1,16,30,8,7,0.8,229
2018,3,1,17,0,0,7,1.0,259
2018,3,1,17,30,0,7,1.3,275
2018,3,1,18,0,0,4,1.7000000000000002,291
2018,3,1,18,30,0,4,1.7000000000000002,291
2018,3,1,19,0,0,4,2.3000000000000003,298
2018,3,1,19,30,0,4,2.4000000000000004,299
2018,3,1,20,0,0,4,2.5,301
2018,3,1,20,30,0,7,2.7,305
2018,3,1,21,0,0,7,2.9000000000000004,309
2018,3,1,21,30,0,4,2.9000000000000004,311
2018,3,1,22,0,0,4,3.0,314
2018,3,1,22,30,0,4,2.9000000000000004,315
2018,3,1,23,0,0,4,2.8000000000000003,317
2018,3,1,23,30,0,4,2.7,317
2018,3,2,0,0,0,4,2.6,316
2018,3,2,0,30,0,4,2.4000000000000004,316
2018,3,2,1,0,0,4,2.3000000000000003,316
2018,3,2,1,30,0,4,2.2,316
2018,3,2,2,0,0,4,2.1,315
2018,3,2,2,30,0,4,2.1,315
2018,3,2,3,0,0,4,2.0,315
2018,3,2,3,30,0,4,2.0,314
2018,3,2,4,0,0,4,2.0,313
2018,3,2,4,30,0,4,2.0,313
2018,3,2,5,0,0,4,2.0,313
2018,3,2,5,30,0,4,2.0,314
2018,3,2,6,0,0,4,2.0,314
2018,3,2,6,30,0,4,1.9000000000000001,315
2018,3,2,7,0,0,4,1.9000000000000001,317
2018,3,2,7,30,0,4,1.9000000000000001,319
2018,3,2,8,0,0,4,1.9000000000000001,322
2018,3,2,8,30,4,4,2.0,324
2018,3,2,9,0,228,4,2.0,326
2018,3,2,9,30,298,4,2.1,326
2018,3,2,10,0,189,4,2.1,326
2018,3,2,10,30,260,4,2.1,325
2018,3,2,11,0,512,4,2.1,324
2018,3,2,11,30,385,4,2.1,323
2018,3,2,12,0,421,4,2.1,321
2018,3,2,12,30,456,4,2.1,321
2018,3,2,13,0,338,4,2.1,321
2018,3,2,13,30,266,4,2.1,321
2018,3,2,14,0,149,4,2.1,321
2018,3,2,14,30,209,4,2.1,322
2018,3,2,15,0,377,4,2.1,323
2018,3,2,15,30,388,4,2.0,324
2018,3,2,16,0,525,4,1.9000000000000001,324
2018,3,2,16,30,574,0,1.8,325
2018,3,2,17,0,347,4,1.7000000000000002,325
2018,3,2,17,30,116,4,1.5,326
2018,3,2,18,0,44,4,1.4000000000000001,327
2018,3,2,18,30,0,4,1.4000000000000001,327
2018,3,2,19,0,0,4,1.1,332
2018,3,2,19,30,0,4,1.0,335
2018,3,2,20,0,0,0,0.9,338
2018,3,2,20,30,0,0,0.9,340
2018,3,2,21,0,0,0,0.8,341
2018,3,2,21,30,0,0,0.8,341
2018,3,2,22,0,0,0,0.7000000000000001,340
2018,3,2,22,30,0,0,0.7000000000000001,340
2018,3,2,23,0,0,0,0.7000000000000001,340
2018,3,2,23,30,0,0,0.7000000000000001,340
2018,3,3,0,0,0,0,0.8,339
2018,3,3,0,30,0,0,0.7000000000000001,337
2018,3,3,1,0,0,0,0.7000000000000001,335
2018,3,3,1,30,0,0,0.8,333
2018,3,3,2,0,0,0,0.8,330
2018,3,3,2,30,0,0,0.8,329
2018,3,3,3,0,0,0,0.8,328
2018,3,3,3,30,0,0,0.8,327
2018,3,3,4,0,0,0,0.8,327
2018,3,3,4,30,0,0,0.8,327
2018,3,3,5,0,0,0,0.8,327
2018,3,3,5,30,0,0,0.8,326
2018,3,3,6,0,0,0,0.8,325
2018,3,3,6,30,0,0,0.9,327
2018,3,3,7,0,105,0,0.9,329
2018,3,3,7,30,270,0,1.1,335
2018,3,3,8,0,298,4,1.2000000000000002,341
2018,3,3,8,30,592,0,1.3,343
2018,3,3,9,0,846,0,1.4000000000000001,345
2018,3,3,9,30,899,0,1.4000000000000001,346
2018,3,3,10,0,938,0,1.5,346
2018,3,3,10,30,963,0,1.5,346
2018,3,3,11,0,980,0,1.5,346
2018,3,3,11,30,992,0,1.5,346
2018,3,3,12,0,993,0,1.5,345
2018,3,3,12,30,995,0,1.6,346
2018,3,3,13,0,996,0,1.6,346
2018,3,3,13,30,989,0,1.6,346
2018,3,3,14,0,978,0,1.6,347
2018,3,3,14,30,961,0,1.5,348
2018,3,3,15,0,936,0,1.5,349
2018,3,3,15,30,903,0,1.4000000000000001,349
2018,3,3,16,0,857,0,1.4000000000000001,350
2018,3,3,16,30,793,0,1.2000000000000002,349
2018,3,3,17,0,698,0,1.0,349
2018,3,3,17,30,549,0,0.9,347
2018,3,3,18,0,273,0,0.7000000000000001,345
2018,3,3,18,30,0,0,0.7000000000000001,345
2018,3,3,19,0,0,0,0.7000000000000001,343
2018,3,3,19,30,0,0,0.7000000000000001,343
2018,3,3,20,0,0,0,0.7000000000000001,343
2018,3,3,20,30,0,0,0.7000000000000001,345
2018,3,3,21,0,0,0,0.7000000000000001,346
2018,3,3,21,30,0,0,0.8,349
2018,3,3,22,0,0,0,0.8,352
2018,3,3,22,30,0,0,0.8,356
2018,3,3,23,0,0,0,0.7000000000000001,360
2018,3,3,23,30,0,0,0.7000000000000001,183
2018,3,4,0,0,0,0,0.7000000000000001,7
2018,3,4,0,30,0,0,0.6000000000000001,8
2018,3,4,1,0,0,0,0.6000000000000001,9
2018,3,4,1,30,0,0,0.6000000000000001,7
2018,3,4,2,0,0,0,0.6000000000000001,4
2018,3,4,2,30,0,0,0.6000000000000001,180
2018,3,4,3,0,0,0,0.6000000000000001,356
2018,3,4,3,30,0,0,0.6000000000000001,353
2018,3,4,4,0,0,0,0.6000000000000001,350
2018,3,4,4,30,0,0,0.7000000000000001,349
2018,3,4,5,0,0,0,0.7000000000000001,347
2018,3,4,5,30,0,0,0.7000000000000001,349
2018,3,4,6,0,0,0,0.7000000000000001,350
2018,3,4,6,30,0,0,0.7000000000000001,355
2018,3,4,7,0,116,0,0.8,359
2018,3,4,7,30,457,0,0.9,187
2018,3,4,8,0,640,0,1.0,14
2018,3,4,8,30,750,0,1.0,16
2018,3,4,9,0,819,0,1.0,17
2018,3,4,9,30,870,0,1.0,18
2018,3,4,10,0,901,0,1.0,19
2018,3,4,10,30,924,0,1.0,18
2018,3,4,11,0,941,0,1.0,16
2018,3,4,11,30,950,0,1.0,14
2018,3,4,12,0,951,0,1.0,11
2018,3,4,12,30,959,0,1.1,8
2018,3,4,13,0,963,0,1.1,5
2018,3,4,13,30,956,0,1.1,3
2018,3,4,14,0,943,0,1.1,1
2018,3,4,14,30,924,0,1.2000000000000002,1
2018,3,4,15,0,898,0,1.2000000000000002,1
2018,3,4,15,30,864,0,1.1,1
2018,3,4,16,0,816,0,1.1,2
2018,3,4,16,30,749,0,0.9,2
2018,3,4,17,0,651,0,0.7000000000000001,2
2018,3,4,17,30,503,0,0.7000000000000001,1
2018,3,4,18,0,227,0,0.6000000000000001,1
2018,3,4,18,30,0,0,0.6000000000000001,1
2018,3,4,19,0,0,0,0.6000000000000001,359
2018,3,4,19,30,0,0,0.6000000000000001,359
2018,3,4,20,0,0,0,0.6000000000000001,358
2018,3,4,20,30,0,0,0.6000000000000001,357
2018,3,4,21,0,0,0,0.6000000000000001,357
2018,3,4,21,30,0,0,0.6000000000000001,357
2018,3,4,22,0,0,0,0.6000000000000001,358
2018,3,4,22,30,0,0,0.6000000000000001,180
2018,3,4,23,0,0,0,0.7000000000000001,3
2018,3,4,23,30,0,0,0.7000000000000001,6
2018,3,5,0,0,0,0,0.6000000000000001,10
2018,3,5,0,30,0,0,0.6000000000000001,14
2018,3,5,1,0,0,0,0.6000000000000001,17
2018,3,5,1,30,0,0,0.6000000000000001,18
2018,3,5,2,0,0,4,0.6000000000000001,19
2018,3,5,2,30,0,4,0.6000000000000001,19
2018,3,5,3,0,0,0,0.6000000000000001,18
2018,3,5,3,30,0,0,0.6000000000000001,18
2018,3,5,4,0,0,0,0.5,18
2018,3,5,4,30,0,0,0.6000000000000001,22
2018,3,5,5,0,0,0,0.6000000000000001,26
2018,3,5,5,30,0,0,0.6000000000000001,32
2018,3,5,6,0,0,0,0.6000000000000001,38
2018,3,5,6,30,0,0,0.7000000000000001,45
2018,3,5,7,0,141,0,0.7000000000000001,53
2018,3,5,7,30,522,0,0.7000000000000001,57
2018,3,5,8,0,703,0,0.6000000000000001,61
2018,3,5,8,30,810,0,0.5,56
2018,3,5,9,0,880,0,0.4,52
2018,3,5,9,30,927,0,0.5,45
2018,3,5,10,0,962,0,0.5,39
2018,3,5,10,30,985,0,0.6000000000000001,39
2018,3,5,11,0,1002,0,0.7000000000000001,38
2018,3,5,11,30,1013,0,0.7000000000000001,41
2018,3,5,12,0,1019,0,0.8,44
2018,3,5,12,30,1019,0,0.8,47
2018,3,5,13,0,968,0,0.8,51
2018,3,5,13,30,995,0,0.8,51
2018,3,5,14,0,708,7,0.8,51
2018,3,5,14,30,626,7,0.7000000000000001,51
2018,3,5,15,0,453,7,0.7000000000000001,51
2018,3,5,15,30,493,7,0.6000000000000001,52
2018,3,5,16,0,372,7,0.4,52
2018,3,5,16,30,203,7,0.4,52
2018,3,5,17,0,3,7,0.30000000000000004,53
2018,3,5,17,30,0,7,0.4,57
2018,3,5,18,0,0,7,0.4,61
2018,3,5,18,30,0,7,0.4,61
2018,3,5,19,0,0,7,0.5,72
2018,3,5,19,30,0,7,0.5,77
2018,3,5,20,0,0,7,0.6000000000000001,81
2018,3,5,20,30,0,7,0.6000000000000001,85
2018,3,5,21,0,0,7,0.7000000000000001,89
2018,3,5,21,30,0,7,0.7000000000000001,91
2018,3,5,22,0,0,7,0.7000000000000001,93
2018,3,5,22,30,0,7,0.6000000000000001,91
2018,3,5,23,0,0,7,0.5,90
2018,3,5,23,30,0,7,0.6000000000000001,89
2018,3,6,0,0,0,7,0.6000000000000001,89
2018,3,6,0,30,0,7,0.7000000000000001,90
2018,3,6,1,0,0,7,0.8,91
2018,3,6,1,30,0,7,0.7000000000000001,91
2018,3,6,2,0,0,7,0.7000000000000001,91
2018,3,6,2,30,0,7,0.7000000000000001,94
2018,3,6,3,0,0,7,0.8,96
2018,3,6,3,30,0,7,0.8,99
2018,3,6,4,0,0,7,0.8,102
2018,3,6,4,30,0,7,0.8,108
2018,3,6,5,0,0,7,0.8,114
2018,3,6,5,30,0,7,0.8,123
2018,3,6,6,0,0,7,0.8,132
2018,3,6,6,30,0,7,0.8,135
2018,3,6,7,0,3,4,0.8,139
2018,3,6,7,30,53,4,0.8,142
2018,3,6,8,0,43,4,0.7000000000000001,145
2018,3,6,8,30,0,4,0.8,154
2018,3,6,9,0,0,4,0.8,164
2018,3,6,9,30,0,4,0.8,168
2018,3,6,10,0,0,4,0.8,171
2018,3,6,10,30,7,7,0.8,175
2018,3,6,11,0,19,4,0.7000000000000001,178
2018,3,6,11,30,330,2,0.6000000000000001,185
2018,3,6,12,0,281,4,0.6000000000000001,191
2018,3,6,12,30,895,0,0.5,200
2018,3,6,13,0,919,0,0.5,209
2018,3,6,13,30,850,0,0.5,227
2018,3,6,14,0,896,0,0.5,244
2018,3,6,14,30,700,0,0.5,259
2018,3,6,15,0,762,0,0.5,273
2018,3,6,15,30,751,0,0.5,292
2018,3,6,16,0,717,0,0.4,310
2018,3,6,16,30,551,0,0.6000000000000001,165
2018,3,6,17,0,647,0,0.8,21
2018,3,6,17,30,117,4,0.9,43
2018,3,6,18,0,17,4,1.1,65
2018,3,6,18,30,17,4,1.1,65
2018,3,6,19,0,0,0,0.7000000000000001,89
2018,3,6,19,30,0,0,0.7000000000000001,97
2018,3,6,20,0,0,0,0.6000000000000001,106
2018,3,6,20,30,0,7,0.7000000000000001,110
2018,3,6,21,0,0,7,0.7000000000000001,113
2018,3,6,21,30,0,7,0.8,116
2018,3,6,22,0,0,7,0.8,119
2018,3,6,22,30,0,7,0.7000000000000001,126
2018,3,6,23,0,0,7,0.7000000000000001,134
2018,3,6,23,30,0,7,0.6000000000000001,158
2018,3,7,0,0,0,7,0.5,181
2018,3,7,0,30,0,7,0.5,203
2018,3,7,1,0,0,6,0.4,225
2018,3,7,1,30,0,6,0.4,241
2018,3,7,2,0,0,6,0.4,256
2018,3,7,2,30,0,6,0.4,267
2018,3,7,3,0,0,7,0.5,279
2018,3,7,3,30,0,6,0.5,282
2018,3,7,4,0,0,7,0.6000000000000001,285
2018,3,7,4,30,0,7,0.7000000000000001,283
2018,3,7,5,0,0,7,0.7000000000000001,281
2018,3,7,5,30,0,7,0.8,279
2018,3,7,6,0,0,7,0.8,278
2018,3,7,6,30,0,7,0.8,273
2018,3,7,7,0,4,4,0.8,269
2018,3,7,7,30,0,4,0.9,268
2018,3,7,8,0,1,4,1.1,268
2018,3,7,8,30,39,4,1.2000000000000002,264
2018,3,7,9,0,392,4,1.3,261
2018,3,7,9,30,184,4,1.3,256
2018,3,7,10,0,113,4,1.4000000000000001,250
2018,3,7,10,30,135,7,1.4000000000000001,248
2018,3,7,11,0,216,7,1.4000000000000001,246
2018,3,7,11,30,98,4,1.4000000000000001,248
2018,3,7,12,0,21,4,1.5,249
2018,3,7,12,30,16,4,1.5,254
2018,3,7,13,0,17,4,1.5,258
2018,3,7,13,30,11,4,1.5,264
2018,3,7,14,0,5,4,1.5,269
2018,3,7,14,30,22,4,1.6,272
2018,3,7,15,0,61,4,1.6,275
2018,3,7,15,30,158,4,1.5,276
2018,3,7,16,0,16,4,1.4000000000000001,277
2018,3,7,16,30,86,4,1.3,276
2018,3,7,17,0,234,4,1.2000000000000002,275
2018,3,7,17,30,65,4,1.1,274
2018,3,7,18,0,45,4,1.0,273
2018,3,7,18,30,20,4,1.0,273
2018,3,7,19,0,0,4,1.0,274
2018,3,7,19,30,0,4,1.0,275
2018,3,7,20,0,0,4,0.9,275
2018,3,7,20,30,0,4,0.9,274
2018,3,7,21,0,0,0,0.8,273
2018,3,7,21,30,0,0,0.8,272
2018,3,7,22,0,0,0,0.8,271
2018,3,7,22,30,0,0,0.8,271
2018,3,7,23,0,0,0,0.8,270
2018,3,7,23,30,0,0,0.8,270
2018,3,8,0,0,0,0,0.8,271
2018,3,8,0,30,0,4,0.7000000000000001,271
2018,3,8,1,0,0,4,0.7000000000000001,270
2018,3,8,1,30,0,4,0.7000000000000001,271
2018,3,8,2,0,0,4,0.7000000000000001,271
2018,3,8,2,30,0,4,0.7000000000000001,271
2018,3,8,3,0,0,4,0.7000000000000001,271
2018,3,8,3,30,0,4,0.7000000000000001,272
2018,3,8,4,0,0,0,0.7000000000000001,274
2018,3,8,4,30,0,0,0.7000000000000001,273
2018,3,8,5,0,0,0,0.7000000000000001,273
2018,3,8,5,30,0,4,0.7000000000000001,272
2018,3,8,6,0,0,4,0.7000000000000001,271
2018,3,8,6,30,0,4,0.8,271
2018,3,8,7,0,6,4,0.9,272
2018,3,8,7,30,170,4,1.0,274
2018,3,8,8,0,177,4,1.0,275
2018,3,8,8,30,167,4,1.1,276
2018,3,8,9,0,312,4,1.2000000000000002,277
2018,3,8,9,30,448,4,1.2000000000000002,278
2018,3,8,10,0,819,0,1.3,279
2018,3,8,10,30,601,4,1.3,278
2018,3,8,11,0,134,4,1.3,278
2018,3,8,11,30,42,4,1.4000000000000001,276
2018,3,8,12,0,345,4,1.4000000000000001,275
2018,3,8,12,30,430,4,1.4000000000000001,273
2018,3,8,13,0,243,4,1.4000000000000001,272
2018,3,8,13,30,162,4,1.4000000000000001,271
2018,3,8,14,0,170,4,1.4000000000000001,270
2018,3,8,14,30,287,7,1.4000000000000001,270
2018,3,8,15,0,225,7,1.4000000000000001,269
2018,3,8,15,30,214,4,1.3,268
2018,3,8,16,0,355,7,1.2000000000000002,268
2018,3,8,16,30,186,7,1.1,265
2018,3,8,17,0,32,7,1.0,262
2018,3,8,17,30,51,7,1.1,261
2018,3,8,18,0,34,4,1.1,260
2018,3,8,18,30,5,7,1.1,260
2018,3,8,19,0,0,7,1.2000000000000002,261
2018,3,8,19,30,0,7,1.3,263
2018,3,8,20,0,0,7,1.4000000000000001,264
2018,3,8,20,30,0,7,1.4000000000000001,266
2018,3,8,21,0,0,7,1.4000000000000001,268
2018,3,8,21,30,0,7,1.4000000000000001,269
2018,3,8,22,0,0,7,1.4000000000000001,270
2018,3,8,22,30,0,7,1.4000000000000001,270
2018,3,8,23,0,0,7,1.4000000000000001,270
2018,3,8,23,30,0,4,1.4000000000000001,270
2018,3,9,0,0,0,4,1.3,269
2018,3,9,0,30,0,4,1.3,268
2018,3,9,1,0,0,4,1.3,268
2018,3,9,1,30,0,4,1.2000000000000002,267
2018,3,9,2,0,0,4,1.2000000000000002,267
2018,3,9,2,30,0,4,1.2000000000000002,266
2018,3,9,3,0,0,4,1.1,266
2018,3,9,3,30,0,4,1.1,265
2018,3,9,4,0,0,4,1.1,265
2018,3,9,4,30,0,4,1.1,266
2018,3,9,5,0,0,4,1.1,266
2018,3,9,5,30,0,4,1.1,265
2018,3,9,6,0,0,4,1.0,264
2018,3,9,6,30,0,4,1.0,262
2018,3,9,7,0,9,4,1.0,260
2018,3,9,7,30,0,4,1.1,262
2018,3,9,8,0,0,4,1.2000000000000002,264
2018,3,9,8,30,0,4,1.3,266
2018,3,9,9,0,13,4,1.3,268
2018,3,9,9,30,45,4,1.3,269
2018,3,9,10,0,59,4,1.3,269
2018,3,9,10,30,4,4,1.3,268
2018,3,9,11,0,3,4,1.4000000000000001,266
2018,3,9,11,30,8,4,1.4000000000000001,265
2018,3,9,12,0,4,4,1.4000000000000001,264
2018,3,9,12,30,5,4,1.4000000000000001,264
2018,3,9,13,0,14,4,1.4000000000000001,265
2018,3,9,13,30,14,4,1.4000000000000001,265
2018,3,9,14,0,19,4,1.4000000000000001,266
2018,3,9,14,30,21,4,1.3,266
2018,3,9,15,0,8,4,1.3,267
2018,3,9,15,30,5,4,1.2000000000000002,269
2018,3,9,16,0,1,4,1.1,270
2018,3,9,16,30,0,4,0.9,272
2018,3,9,17,0,0,4,0.7000000000000001,274
2018,3,9,17,30,0,4,0.6000000000000001,276
2018,3,9,18,0,0,4,0.5,278
2018,3,9,18,30,0,4,0.5,278
2018,3,9,19,0,0,4,0.5,282
2018,3,9,19,30,0,4,0.4,283
2018,3,9,20,0,0,0,0.4,284
2018,3,9,20,30,0,0,0.4,284
2018,3,9,21,0,0,0,0.4,284
2018,3,9,21,30,0,0,0.4,284
2018,3,9,22,0,0,0,0.4,285
2018,3,9,22,30,0,0,0.5,286
2018,3,9,23,0,0,4,0.5,288
2018,3,9,23,30,0,4,0.6000000000000001,291
2018,3,10,0,0,0,4,0.6000000000000001,294
2018,3,10,0,30,0,4,0.6000000000000001,298
2018,3,10,1,0,0,4,0.7000000000000001,302
2018,3,10,1,30,0,4,0.7000000000000001,308
2018,3,10,2,0,0,0,0.7000000000000001,314
2018,3,10,2,30,0,4,0.7000000000000001,322
2018,3,10,3,0,0,0,0.7000000000000001,331
2018,3,10,3,30,0,0,0.7000000000000001,330
2018,3,10,4,0,0,4,0.7000000000000001,330
2018,3,10,4,30,0,4,0.7000000000000001,317
2018,3,10,5,0,0,4,0.6000000000000001,304
2018,3,10,5,30,0,0,0.6000000000000001,300
2018,3,10,6,0,0,0,0.6000000000000001,297
2018,3,10,6,30,0,0,0.5,301
2018,3,10,7,0,215,0,0.4,306
2018,3,10,7,30,526,0,0.4,308
2018,3,10,8,0,690,0,0.4,310
2018,3,10,8,30,790,0,0.5,311
2018,3,10,9,0,857,0,0.6000000000000001,312
2018,3,10,9,30,903,0,0.6000000000000001,311
2018,3,10,10,0,936,0,0.7000000000000001,310
2018,3,10,10,30,784,0,0.7000000000000001,311
2018,3,10,11,0,510,4,0.8,312
2018,3,10,11,30,742,0,0.8,314
2018,3,10,12,0,993,0,0.8,315
2018,3,10,12,30,967,0,0.9,317
2018,3,10,13,0,727,0,0.9,318
2018,3,10,13,30,921,0,0.9,320
2018,3,10,14,0,884,0,0.9,322
2018,3,10,14,30,949,0,0.9,324
2018,3,10,15,0,925,0,0.9,325
2018,3,10,15,30,891,0,0.9,328
2018,3,10,16,0,844,0,0.8,331
2018,3,10,16,30,785,0,0.7000000000000001,337
2018,3,10,17,0,700,0,0.6000000000000001,342
2018,3,10,17,30,572,0,0.6000000000000001,349
2018,3,10,18,0,354,0,0.5,356
2018,3,10,18,30,28,0,0.5,356
2018,3,10,19,0,0,0,0.6000000000000001,7
2018,3,10,19,30,0,0,0.6000000000000001,13
2018,3,10,20,0,0,0,0.6000000000000001,18
2018,3,10,20,30,0,0,0.5,22
2018,3,10,21,0,0,0,0.5,25
2018,3,10,21,30,0,0,0.5,27
2018,3,10,22,0,0,0,0.4,29
2018,3,10,22,30,0,0,0.4,30
2018,3,10,23,0,0,0,0.4,30
2018,3,10,23,30,0,0,0.4,31
2018,3,11,0,0,0,0,0.4,31
2018,3,11,0,30,0,0,0.4,31
2018,3,11,1,0,0,0,0.4,32
2018,3,11,1,30,0,0,0.4,34
2018,3,11,2,0,0,0,0.4,35
2018,3,11,2,30,0,0,0.4,37
2018,3,11,3,0,0,0,0.4,40
2018,3,11,3,30,0,0,0.30000000000000004,42
2018,3,11,4,0,0,0,0.30000000000000004,43
2018,3,11,4,30,0,0,0.30000000000000004,45
2018,3,11,5,0,0,0,0.30000000000000004,46
2018,3,11,5,30,0,0,0.30000000000000004,47
2018,3,11,6,0,0,0,0.30000000000000004,48
2018,3,11,6,30,0,0,0.4,48
2018,3,11,7,0,221,0,0.5,49
2018,3,11,7,30,525,0,0.7000000000000001,49
2018,3,11,8,0,687,0,0.8,49
2018,3,11,8,30,787,0,0.8,47
2018,3,11,9,0,625,7,0.8,46
2018,3,11,9,30,681,7,0.7000000000000001,47
2018,3,11,10,0,934,0,0.6000000000000001,47
2018,3,11,10,30,954,0,0.6000000000000001,43
2018,3,11,11,0,967,0,0.5,39
2018,3,11,11,30,924,0,0.5,32
2018,3,11,12,0,618,7,0.6000000000000001,25
2018,3,11,12,30,583,7,0.6000000000000001,19
2018,3,11,13,0,543,7,0.7000000000000001,13
2018,3,11,13,30,966,0,0.7000000000000001,9
2018,3,11,14,0,967,0,0.7000000000000001,5
2018,3,11,14,30,951,0,0.8,5
2018,3,11,15,0,929,0,0.8,6
2018,3,11,15,30,888,0,0.8,10
2018,3,11,16,0,718,0,0.8,14
2018,3,11,16,30,716,0,0.7000000000000001,16
2018,3,11,17,0,236,7,0.6000000000000001,18
2018,3,11,17,30,73,7,0.5,15
2018,3,11,18,0,166,0,0.5,12
2018,3,11,18,30,22,7,0.5,12
2018,3,11,19,0,0,0,0.7000000000000001,15
2018,3,11,19,30,0,0,0.7000000000000001,17
2018,3,11,20,0,0,4,0.7000000000000001,19
2018,3,11,20,30,0,4,0.7000000000000001,21
2018,3,11,21,0,0,7,0.8,24
2018,3,11,21,30,0,7,0.8,25
2018,3,11,22,0,0,7,0.8,26
2018,3,11,22,30,0,7,0.7000000000000001,23
2018,3,11,23,0,0,7,0.7000000000000001,19
2018,3,11,23,30,0,7,0.8,21
2018,3,12,0,0,0,7,0.8,23
2018,3,12,0,30,0,7,0.8,23
2018,3,12,1,0,0,7,0.8,24
2018,3,12,1,30,0,7,0.8,22
2018,3,12,2,0,0,7,0.8,21
2018,3,12,2,30,0,7,0.7000000000000001,17
2018,3,12,3,0,0,7,0.7000000000000001,12
2018,3,12,3,30,0,7,0.8,13
2018,3,12,4,0,0,7,0.8,14
2018,3,12,4,30,0,7,0.8,13
2018,3,12,5,0,0,7,0.8,11
2018,3,12,5,30,0,7,0.7000000000000001,6
2018,3,12,6,0,0,7,0.7000000000000001,1
2018,3,12,6,30,0,4,0.8,3
2018,3,12,7,0,174,0,0.8,5
2018,3,12,7,30,379,0,0.8,6
2018,3,12,8,0,659,0,0.9,7
2018,3,12,8,30,760,0,0.8,4
2018,3,12,9,0,830,0,0.8,2
2018,3,12,9,30,881,0,0.8,175
2018,3,12,10,0,919,0,0.7000000000000001,347
2018,3,12,10,30,944,0,0.8,339
2018,3,12,11,0,961,0,0.8,330
2018,3,12,11,30,968,0,0.9,325
2018,3,12,12,0,727,0,0.9,321
2018,3,12,12,30,891,0,1.0,320
2018,3,12,13,0,932,0,1.1,320
2018,3,12,13,30,446,7,1.2000000000000002,320
2018,3,12,14,0,150,4,1.2000000000000002,321
2018,3,12,14,30,19,4,1.2000000000000002,322
2018,3,12,15,0,51,7,1.2000000000000002,322
2018,3,12,15,30,18,7,1.1,323
2018,3,12,16,0,12,7,1.0,323
2018,3,12,16,30,93,4,0.9,323
2018,3,12,17,0,0,4,0.7000000000000001,323
2018,3,12,17,30,0,4,0.6000000000000001,323
2018,3,12,18,0,0,4,0.5,323
2018,3,12,18,30,0,4,0.5,323
2018,3,12,19,0,0,4,0.4,321
2018,3,12,19,30,0,4,0.4,318
2018,3,12,20,0,0,4,0.4,315
2018,3,12,20,30,0,4,0.4,310
2018,3,12,21,0,0,4,0.4,305
2018,3,12,21,30,0,4,0.5,303
2018,3,12,22,0,0,4,0.5,301
2018,3,12,22,30,0,4,0.6000000000000001,303
2018,3,12,23,0,0,4,0.7000000000000001,305
2018,3,12,23,30,0,4,0.7000000000000001,307
2018,3,13,0,0,0,4,0.7000000000000001,310
2018,3,13,0,30,0,0,0.7000000000000001,310
2018,3,13,1,0,0,4,0.7000000000000001,310
2018,3,13,1,30,0,4,0.7000000000000001,311
2018,3,13,2,0,0,4,0.7000000000000001,311
2018,3,13,2,30,0,4,0.8,313
2018,3,13,3,0,0,4,0.8,314
2018,3,13,3,30,0,4,0.7000000000000001,314
2018,3,13,4,0,0,4,0.7000000000000001,314
2018,3,13,4,30,0,4,0.6000000000000001,311
2018,3,13,5,0,0,4,0.6000000000000001,309
2018,3,13,5,30,0,0,0.6000000000000001,305
2018,3,13,6,0,0,4,0.6000000000000001,302
2018,3,13,6,30,0,4,0.6000000000000001,297
2018,3,13,7,0,9,4,0.7000000000000001,292
2018,3,13,7,30,1,4,0.8,291
2018,3,13,8,0,25,4,0.9,290
2018,3,13,8,30,410,4,0.9,290
2018,3,13,9,0,265,4,1.0,289
2018,3,13,9,30,130,7,1.1,288
2018,3,13,10,0,235,7,1.1,287
2018,3,13,10,30,60,7,1.2000000000000002,287
2018,3,13,11,0,77,7,1.3,287
2018,3,13,11,30,242,4,1.3,289
2018,3,13,12,0,211,4,1.4000000000000001,290
2018,3,13,12,30,84,4,1.4000000000000001,292
2018,3,13,13,0,162,4,1.4000000000000001,295
2018,3,13,13,30,188,7,1.4000000000000001,298
2018,3,13,14,0,100,7,1.3,301
2018,3,13,14,30,5,4,1.3,303
2018,3,13,15,0,332,4,1.3,306
2018,3,13,15,30,352,4,1.2000000000000002,308
2018,3,13,16,0,248,4,1.1,311
2018,3,13,16,30,22,7,1.0,311
2018,3,13,17,0,335,0,0.9,312
2018,3,13,17,30,520,0,0.8,311
2018,3,13,18,0,167,4,0.7000000000000001,310
2018,3,13,18,30,28,0,0.7000000000000001,310
2018,3,13,19,0,0,0,0.7000000000000001,307
2018,3,13,19,30,0,0,0.7000000000000001,307
2018,3,13,20,0,0,0,0.7000000000000001,307
2018,3,13,20,30,0,4,0.7000000000000001,309
2018,3,13,21,0,0,0,0.7000000000000001,311
2018,3,13,21,30,0,0,0.7000000000000001,313
2018,3,13,22,0,0,4,0.6000000000000001,315
2018,3,13,22,30,0,4,0.6000000000000001,314
2018,3,13,23,0,0,4,0.6000000000000001,313
2018,3,13,23,30,0,4,0.6000000000000001,313
2018,3,14,0,0,0,4,0.6000000000000001,313
2018,3,14,0,30,0,4,0.6000000000000001,313
2018,3,14,1,0,0,4,0.6000000000000001,312
2018,3,14,1,30,0,0,0.6000000000000001,310
2018,3,14,2,0,0,4,0.6000000000000001,308
2018,3,14,2,30,0,4,0.7000000000000001,307
2018,3,14,3,0,0,4,0.7000000000000001,306
2018,3,14,3,30,0,4,0.7000000000000001,305
2018,3,14,4,0,0,4,0.8,303
2018,3,14,4,30,0,4,0.8,301
2018,3,14,5,0,0,4,0.8,299
2018,3,14,5,30,0,7,0.8,299
2018,3,14,6,0,0,7,0.8,299
2018,3,14,6,30,0,4,1.0,300
2018,3,14,7,0,8,4,1.2000000000000002,301
2018,3,14,7,30,44,4,1.3,302
2018,3,14,8,0,350,4,1.5,303
2018,3,14,8,30,507,0,1.5,301
2018,3,14,9,0,386,7,1.5,299
2018,3,14,9,30,371,7,1.5,297
2018,3,14,10,0,364,7,1.5,295
2018,3,14,10,30,224,7,1.5,293
2018,3,14,11,0,346,7,1.4000000000000001,291
2018,3,14,11,30,218,7,1.4000000000000001,288
2018,3,14,12,0,131,7,1.4000000000000001,285
2018,3,14,12,30,176,7,1.4000000000000001,282
2018,3,14,13,0,98,7,1.4000000000000001,279
2018,3,14,13,30,106,7,1.4000000000000001,278
2018,3,14,14,0,217,7,1.4000000000000001,276
2018,3,14,14,30,200,4,1.4000000000000001,274
2018,3,14,15,0,183,7,1.4000000000000001,273
2018,3,14,15,30,147,7,1.3,271
2018,3,14,16,0,52,4,1.2000000000000002,268
2018,3,14,16,30,55,4,1.1,265
2018,3,14,17,0,3,4,1.0,262
2018,3,14,17,30,0,4,1.0,260
2018,3,14,18,0,55,4,1.0,259
2018,3,14,18,30,39,0,1.0,259
2018,3,14,19,0,0,0,1.0,261
2018,3,14,19,30,0,0,1.0,261
2018,3,14,20,0,0,0,1.0,261
2018,3,14,20,30,0,0,1.0,260
2018,3,14,21,0,0,4,0.9,258
2018,3,14,21,30,0,0,0.9,256
2018,3,14,22,0,0,0,0.9,254
2018,3,14,22,30,0,0,0.9,251
2018,3,14,23,0,0,0,0.8,247
2018,3,14,23,30,0,0,0.8,243
2018,3,15,0,0,0,0,0.8,239
2018,3,15,0,30,0,0,0.8,239
2018,3,15,1,0,0,0,0.9,239
2018,3,15,1,30,0,0,0.9,235
2018,3,15,2,0,0,4,0.8,232
2018,3,15,2,30,0,4,0.8,224
2018,3,15,3,0,0,4,0.7000000000000001,217
2018,3,15,3,30,0,4,0.7000000000000001,217
2018,3,15,4,0,0,4,0.8,217
2018,3,15,4,30,0,4,0.8,222
2018,3,15,5,0,0,4,0.8,228
2018,3,15,5,30,0,4,0.8,232
2018,3,15,6,0,0,4,0.8,236
2018,3,15,6,30,11,4,0.8,241
2018,3,15,7,0,141,4,0.8,246
2018,3,15,7,30,134,4,0.9,256
2018,3,15,8,0,212,4,1.1,266
2018,3,15,8,30,522,4,1.2000000000000002,277
2018,3,15,9,0,840,0,1.3,289
2018,3,15,9,30,889,0,1.4000000000000001,293
2018,3,15,10,0,926,0,1.5,297
2018,3,15,10,30,946,0,1.6,298
2018,3,15,11,0,961,0,1.6,299
2018,3,15,11,30,972,0,1.6,299
2018,3,15,12,0,979,0,1.6,299
2018,3,15,12,30,961,0,1.6,300
2018,3,15,13,0,839,0,1.6,301
2018,3,15,13,30,740,0,1.5,302
2018,3,15,14,0,761,0,1.5,303
2018,3,15,14,30,840,0,1.5,304
2018,3,15,15,0,828,0,1.4000000000000001,305
2018,3,15,15,30,649,0,1.3,307
2018,3,15,16,0,189,4,1.2000000000000002,310
2018,3,15,16,30,140,4,1.0,312
2018,3,15,17,0,80,4,0.8,315
2018,3,15,17,30,29,4,0.7000000000000001,316
2018,3,15,18,0,5,4,0.6000000000000001,317
2018,3,15,18,30,17,4,0.6000000000000001,317
2018,3,15,19,0,0,4,0.5,314
2018,3,15,19,30,0,4,0.5,313
2018,3,15,20,0,0,4,0.6000000000000001,311
2018,3,15,20,30,0,4,0.6000000000000001,311
2018,3,15,21,0,0,4,0.7000000000000001,312
2018,3,15,21,30,0,4,0.8,313
2018,3,15,22,0,0,4,0.8,314
2018,3,15,22,30,0,4,0.9,316
2018,3,15,23,0,0,4,1.0,318
2018,3,15,23,30,0,0,1.1,319
2018,3,16,0,0,0,0,1.2000000000000002,320
2018,3,16,0,30,0,4,1.3,322
2018,3,16,1,0,0,4,1.4000000000000001,323
2018,3,16,1,30,0,4,1.4000000000000001,323
2018,3,16,2,0,0,4,1.4000000000000001,323
2018,3,16,2,30,0,4,1.4000000000000001,323
2018,3,16,3,0,0,4,1.3,322
2018,3,16,3,30,0,4,1.3,322
2018,3,16,4,0,0,4,1.2000000000000002,321
2018,3,16,4,30,0,4,1.1,321
2018,3,16,5,0,0,0,1.1,320
2018,3,16,5,30,0,0,1.0,320
2018,3,16,6,0,0,0,0.9,320
2018,3,16,6,30,14,0,1.0,321
2018,3,16,7,0,30,4,1.0,322
2018,3,16,7,30,0,4,1.0,325
2018,3,16,8,0,0,4,1.1,328
2018,3,16,8,30,7,4,1.1,328
2018,3,16,9,0,13,4,1.1,328
2018,3,16,9,30,26,4,1.1,327
2018,3,16,10,0,52,4,1.1,326
2018,3,16,10,30,142,4,1.1,325
2018,3,16,11,0,235,4,1.1,325
2018,3,16,11,30,176,4,1.1,324
2018,3,16,12,0,554,4,1.1,323
2018,3,16,12,30,974,0,1.1,321
2018,3,16,13,0,1022,0,1.1,319
2018,3,16,13,30,1012,0,1.1,318
2018,3,16,14,0,1001,0,1.1,317
2018,3,16,14,30,956,0,1.1,318
2018,3,16,15,0,967,0,1.1,318
2018,3,16,15,30,942,0,1.0,319
2018,3,16,16,0,906,0,0.9,320
2018,3,16,16,30,856,0,0.7000000000000001,321
2018,3,16,17,0,666,0,0.5,323
2018,3,16,17,30,614,0,0.4,326
2018,3,16,18,0,198,7,0.30000000000000004,330
2018,3,16,18,30,56,7,0.30000000000000004,330
2018,3,16,19,0,0,7,0.30000000000000004,332
2018,3,16,19,30,0,7,0.30000000000000004,336
2018,3,16,20,0,0,7,0.30000000000000004,340
2018,3,16,20,30,0,7,0.30000000000000004,350
2018,3,16,21,0,0,7,0.4,359
2018,3,16,21,30,0,4,0.4,188
2018,3,16,22,0,0,4,0.5,16
2018,3,16,22,30,0,4,0.5,18
2018,3,16,23,0,0,4,0.6000000000000001,20
2018,3,16,23,30,0,4,0.5,22
2018,3,17,0,0,0,4,0.4,23
2018,3,17,0,30,0,4,0.30000000000000004,38
2018,3,17,1,0,0,0,0.2,52
2018,3,17,1,30,0,0,0.2,63
2018,3,17,2,0,0,0,0.1,74
2018,3,17,2,30,0,0,0.2,80
2018,3,17,3,0,0,0,0.30000000000000004,85
2018,3,17,3,30,0,0,0.4,95
2018,3,17,4,0,0,0,0.5,105
2018,3,17,4,30,0,0,0.5,108
2018,3,17,5,0,0,0,0.4,111
2018,3,17,5,30,0,0,0.4,107
2018,3,17,6,0,0,7,0.4,103
2018,3,17,6,30,0,7,0.4,112
2018,3,17,7,0,0,7,0.30000000000000004,120
2018,3,17,7,30,0,7,0.30000000000000004,119
2018,3,17,8,0,13,7,0.30000000000000004,118
2018,3,17,8,30,0,7,0.30000000000000004,119
2018,3,17,9,0,0,7,0.4,121
2018,3,17,9,30,0,4,0.2,109
2018,3,17,10,0,0,4,0.1,97
2018,3,17,10,30,0,4,0.2,51
2018,3,17,11,0,0,4,0.2,4
2018,3,17,11,30,0,7,0.2,3
2018,3,17,12,0,9,7,0.30000000000000004,2
2018,3,17,12,30,4,7,0.30000000000000004,4
2018,3,17,13,0,4,7,0.30000000000000004,6
2018,3,17,13,30,37,4,0.30000000000000004,13
2018,3,17,14,0,246,4,0.4,20
2018,3,17,14,30,539,4,0.4,25
2018,3,17,15,0,385,4,0.5,30
2018,3,17,15,30,176,4,0.5,30
2018,3,17,16,0,15,4,0.4,29
2018,3,17,16,30,0,4,0.30000000000000004,20
2018,3,17,17,0,0,4,0.2,10
2018,3,17,17,30,0,4,0.4,179
2018,3,17,18,0,0,4,0.6000000000000001,348
2018,3,17,18,30,0,4,0.6000000000000001,348
2018,3,17,19,0,0,4,0.30000000000000004,355
2018,3,17,19,30,0,0,0.4,180
2018,3,17,20,0,0,0,0.4,4
2018,3,17,20,30,0,0,0.4,6
2018,3,17,21,0,0,0,0.4,9
2018,3,17,21,30,0,0,0.5,9
2018,3,17,22,0,0,0,0.5,9
2018,3,17,22,30,0,0,0.5,9
2018,3,17,23,0,0,0,0.5,9
2018,3,17,23,30,0,0,0.5,10
2018,3,18,0,0,0,0,0.4,10
2018,3,18,0,30,0,0,0.4,11
2018,3,18,1,0,0,0,0.4,12
2018,3,18,1,30,0,0,0.4,12
2018,3,18,2,0,0,0,0.30000000000000004,11
2018,3,18,2,30,0,0,0.30000000000000004,10
2018,3,18,3,0,0,0,0.30000000000000004,8
2018,3,18,3,30,0,0,0.4,7
2018,3,18,4,0,0,0,0.4,6
2018,3,18,4,30,0,0,0.6000000000000001,4
2018,3,18,5,0,0,0,0.8,3
2018,3,18,5,30,0,0,0.7000000000000001,172
2018,3,18,6,0,0,0,0.6000000000000001,341
2018,3,18,6,30,49,0,0.4,318
2018,3,18,7,0,405,0,0.30000000000000004,294
2018,3,18,7,30,621,0,0.30000000000000004,272
2018,3,18,8,0,746,0,0.30000000000000004,250
2018,3,18,8,30,826,0,0.30000000000000004,261
2018,3,18,9,0,881,0,0.4,272
2018,3,18,9,30,920,0,0.5,269
2018,3,18,10,0,949,0,0.5,265
2018,3,18,10,30,970,0,0.6000000000000001,263
2018,3,18,11,0,984,0,0.6000000000000001,260
2018,3,18,11,30,994,0,0.6000000000000001,260
2018,3,18,12,0,1000,0,0.7000000000000001,260
2018,3,18,12,30,1000,0,0.7000000000000001,262
2018,3,18,13,0,996,0,0.7000000000000001,264
2018,3,18,13,30,989,0,0.7000000000000001,267
2018,3,18,14,0,977,0,0.7000000000000001,270
2018,3,18,14,30,961,0,0.7000000000000001,273
2018,3,18,15,0,935,0,0.7000000000000001,277
2018,3,18,15,30,904,0,0.5,279
2018,3,18,16,0,863,0,0.4,281
2018,3,18,16,30,809,0,0.5,281
2018,3,18,17,0,731,0,0.7000000000000001,281
2018,3,18,17,30,615,0,0.9,281
2018,3,18,18,0,423,0,1.2000000000000002,280
2018,3,18,18,30,98,0,1.2000000000000002,280
2018,3,18,19,0,0,0,1.2000000000000002,280
2018,3,18,19,30,0,0,1.2000000000000002,280
2018,3,18,20,0,0,0,1.2000000000000002,281
2018,3,18,20,30,0,0,1.2000000000000002,285
2018,3,18,21,0,0,0,1.2000000000000002,289
2018,3,18,21,30,0,0,1.2000000000000002,296
2018,3,18,22,0,0,4,1.1,303
2018,3,18,22,30,0,7,1.1,312
2018,3,18,23,0,0,0,1.1,322
2018,3,18,23,30,0,7,1.1,334
2018,3,19,0,0,0,7,1.0,346
2018,3,19,0,30,0,7,0.9,178
2018,3,19,1,0,0,7,0.8,10
2018,3,19,1,30,0,7,0.7000000000000001,20
2018,3,19,2,0,0,0,0.6000000000000001,30
2018,3,19,2,30,0,0,0.5,38
2018,3,19,3,0,0,0,0.4,47
2018,3,19,3,30,0,0,0.4,51
2018,3,19,4,0,0,0,0.4,55
2018,3,19,4,30,0,7,0.5,55
2018,3,19,5,0,0,7,0.5,56
2018,3,19,5,30,0,7,0.5,54
2018,3,19,6,0,0,7,0.5,53
2018,3,19,6,30,29,4,0.6000000000000001,52
2018,3,19,7,0,98,4,0.6000000000000001,52
2018,3,19,7,30,290,7,0.6000000000000001,54
2018,3,19,8,0,504,7,0.7000000000000001,56
2018,3,19,8,30,477,7,0.7000000000000001,58
2018,3,19,9,0,483,7,0.8,60
2018,3,19,9,30,444,7,0.8,58
2018,3,19,10,0,333,7,0.8,56
2018,3,19,10,30,347,7,0.8,52
2018,3,19,11,0,519,7,0.8,49
2018,3,19,11,30,489,7,0.8,44
2018,3,19,12,0,451,7,0.7000000000000001,39
2018,3,19,12,30,877,0,0.8,38
2018,3,19,13,0,910,0,0.8,36
2018,3,19,13,30,901,0,0.8,35
2018,3,19,14,0,846,0,0.8,34
2018,3,19,14,30,838,0,0.8,33
2018,3,19,15,0,884,0,0.8,32
2018,3,19,15,30,760,0,0.7000000000000001,31
2018,3,19,16,0,756,0,0.7000000000000001,30
2018,3,19,16,30,727,0,0.7000000000000001,27
2018,3,19,17,0,559,7,0.7000000000000001,24
2018,3,19,17,30,454,7,0.7000000000000001,23
2018,3,19,18,0,360,7,0.7000000000000001,22
2018,3,19,18,30,82,6,0.7000000000000001,22
2018,3,19,19,0,0,6,0.8,24
2018,3,19,19,30,0,6,0.9,27
2018,3,19,20,0,0,6,0.9,30
2018,3,19,20,30,0,6,0.9,32
2018,3,19,21,0,0,6,1.0,35
2018,3,19,21,30,0,6,0.8,32
2018,3,19,22,0,0,6,0.7000000000000001,30
2018,3,19,22,30,0,7,0.8,32
2018,3,19,23,0,0,7,0.9,34
2018,3,19,23,30,0,7,0.9,35
2018,3,20,0,0,0,6,0.8,35
2018,3,20,0,30,0,6,0.8,37
2018,3,20,1,0,0,7,0.8,38
2018,3,20,1,30,0,7,0.8,42
2018,3,20,2,0,0,6,0.8,46
2018,3,20,2,30,0,7,0.8,47
2018,3,20,3,0,0,7,0.8,48
2018,3,20,3,30,0,7,0.8,48
2018,3,20,4,0,0,7,0.8,48
2018,3,20,4,30,0,7,0.9,50
2018,3,20,5,0,0,7,0.9,53
2018,3,20,5,30,0,7,1.0,53
2018,3,20,6,0,0,6,1.0,54
2018,3,20,6,30,0,6,1.0,54
2018,3,20,7,0,0,9,1.0,55
2018,3,20,7,30,0,9,1.1,58
2018,3,20,8,0,0,6,1.1,60
2018,3,20,8,30,0,6,1.2000000000000002,65
2018,3,20,9,0,0,6,1.2000000000000002,70
2018,3,20,9,30,0,7,1.2000000000000002,73
2018,3,20,10,0,9,7,1.3,77
2018,3,20,10,30,89,7,1.3,79
2018,3,20,11,0,172,4,1.3,82
2018,3,20,11,30,79,4,1.4000000000000001,83
2018,3,20,12,0,138,4,1.4000000000000001,84
2018,3,20,12,30,36,4,1.4000000000000001,83
2018,3,20,13,0,28,4,1.3,82
2018,3,20,13,30,2,4,1.3,80
2018,3,20,14,0,3,4,1.3,78
2018,3,20,14,30,0,4,1.3,76
2018,3,20,15,0,0,4,1.2000000000000002,74
2018,3,20,15,30,0,4,1.2000000000000002,72
2018,3,20,16,0,0,4,1.2000000000000002,70
2018,3,20,16,30,0,4,1.1,67
2018,3,20,17,0,0,4,1.0,64
2018,3,20,17,30,0,4,1.0,62
2018,3,20,18,0,0,4,0.9,60
2018,3,20,18,30,0,4,0.9,60
2018,3,20,19,0,0,4,1.0,61
2018,3,20,19,30,0,7,1.0,62
2018,3,20,20,0,0,7,1.1,62
2018,3,20,20,30,0,7,1.1,63
2018,3,20,21,0,0,6,1.1,63
2018,3,20,21,30,0,7,1.1,63
2018,3,20,22,0,0,7,1.0,63
2018,3,20,22,30,0,7,1.0,66
2018,3,20,23,0,0,7,1.0,70
2018,3,20,23,30,0,7,0.9,72
2018,3,21,0,0,0,7,0.9,75
2018,3,21,0,30,0,6,0.9,74
2018,3,21,1,0,0,6,0.9,73
2018,3,21,1,30,0,6,0.8,70
2018,3,21,2,0,0,6,0.8,67
2018,3,21,2,30,0,6,0.8,65
2018,3,21,3,0,0,6,0.8,63
2018,3,21,3,30,0,6,0.8,61
2018,3,21,4,0,0,6,0.8,60
2018,3,21,4,30,0,6,0.8,58
2018,3,21,5,0,0,7,0.8,56
2018,3,21,5,30,0,7,0.8,53
2018,3,21,6,0,0,7,0.8,50
2018,3,21,6,30,0,7,0.8,47
2018,3,21,7,0,17,4,0.8,44
2018,3,21,7,30,59,7,0.9,45
2018,3,21,8,0,96,7,1.0,45
2018,3,21,8,30,9,7,1.0,45
2018,3,21,9,0,2,7,1.0,45
2018,3,21,9,30,2,7,1.0,42
2018,3,21,10,0,9,7,1.0,40
2018,3,21,10,30,0,7,1.0,36
2018,3,21,11,0,0,7,1.0,33
2018,3,21,11,30,11,7,1.0,28
2018,3,21,12,0,19,7,1.0,24
2018,3,21,12,30,28,7,1.0,19
2018,3,21,13,0,44,7,1.0,14
2018,3,21,13,30,41,7,1.1,11
2018,3,21,14,0,32,7,1.1,7
2018,3,21,14,30,20,7,1.1,5
2018,3,21,15,0,47,7,1.1,3
2018,3,21,15,30,25,7,1.0,180
2018,3,21,16,0,9,7,1.0,357
2018,3,21,16,30,0,7,0.9,354
2018,3,21,17,0,0,7,0.9,351
2018,3,21,17,30,42,7,0.9,349
2018,3,21,18,0,134,4,0.8,347
2018,3,21,18,30,41,7,0.8,347
2018,3,21,19,0,0,7,0.8,346
2018,3,21,19,30,0,7,0.7000000000000001,345
2018,3,21,20,0,0,7,0.7000000000000001,345
2018,3,21,20,30,0,7,0.7000000000000001,342
2018,3,21,21,0,0,7,0.6000000000000001,339
2018,3,21,21,30,0,7,0.6000000000000001,334
2018,3,21,22,0,0,4,0.6000000000000001,329
2018,3,21,22,30,0,7,0.6000000000000001,324
2018,3,21,23,0,0,0,0.6000000000000001,318
2018,3,21,23,30,0,7,0.6000000000000001,316
2018,3,22,0,0,0,0,0.6000000000000001,315
2018,3,22,0,30,0,0,0.6000000000000001,316
2018,3,22,1,0,0,0,0.7000000000000001,317
2018,3,22,1,30,0,7,0.6000000000000001,316
2018,3,22,2,0,0,7,0.6000000000000001,315
2018,3,22,2,30,0,7,0.6000000000000001,313
2018,3,22,3,0,0,7,0.6000000000000001,311
2018,3,22,3,30,0,7,0.6000000000000001,309
2018,3,22,4,0,0,8,0.6000000000000001,307
2018,3,22,4,30,0,8,0.6000000000000001,303
2018,3,22,5,0,0,7,0.6000000000000001,299
2018,3,22,5,30,0,7,0.6000000000000001,298
2018,3,22,6,0,0,7,0.6000000000000001,297
2018,3,22,6,30,32,8,0.7000000000000001,302
2018,3,22,7,0,185,4,0.7000000000000001,308
2018,3,22,7,30,420,4,0.8,314
2018,3,22,8,0,686,0,0.9,319
2018,3,22,8,30,727,7,0.9,321
2018,3,22,9,0,800,4,1.0,324
2018,3,22,9,30,845,7,1.0,324
2018,3,22,10,0,860,7,1.0,325
2018,3,22,10,30,858,7,1.0,325
2018,3,22,11,0,870,7,1.1,325
2018,3,22,11,30,854,7,1.1,324
2018,3,22,12,0,900,7,1.1,324
2018,3,22,12,30,946,0,1.1,323
2018,3,22,13,0,905,0,1.1,323
2018,3,22,13,30,941,0,1.1,323
2018,3,22,14,0,923,0,1.1,323
2018,3,22,14,30,914,0,1.1,324
2018,3,22,15,0,894,0,1.1,324
2018,3,22,15,30,868,0,1.0,324
2018,3,22,16,0,832,0,0.9,324
2018,3,22,16,30,787,0,0.8,324
2018,3,22,17,0,719,0,0.6000000000000001,324
2018,3,22,17,30,610,0,0.5,325
2018,3,22,18,0,435,0,0.4,325
2018,3,22,18,30,130,0,0.4,325
2018,3,22,19,0,0,0,0.5,323
2018,3,22,19,30,0,0,0.5,321
2018,3,22,20,0,0,0,0.5,318
2018,3,22,20,30,0,0,0.5,314
2018,3,22,21,0,0,0,0.6000000000000001,311
2018,3,22,21,30,0,0,0.6000000000000001,308
2018,3,22,22,0,0,0,0.6000000000000001,305
2018,3,22,22,30,0,0,0.6000000000000001,304
2018,3,22,23,0,0,0,0.6000000000000001,303
2018,3,22,23,30,0,0,0.6000000000000001,304
2018,3,23,0,0,0,0,0.6000000000000001,304
2018,3,23,0,30,0,0,0.6000000000000001,304
2018,3,23,1,0,0,0,0.6000000000000001,304
2018,3,23,1,30,0,0,0.6000000000000001,306
2018,3,23,2,0,0,0,0.6000000000000001,308
2018,3,23,2,30,0,0,0.6000000000000001,312
2018,3,23,3,0,0,0,0.6000000000000001,316
2018,3,23,3,30,0,0,0.6000000000000001,321
2018,3,23,4,0,0,0,0.6000000000000001,327
2018,3,23,4,30,0,0,0.5,331
2018,3,23,5,0,0,0,0.5,335
2018,3,23,5,30,0,0,0.5,337
2018,3,23,6,0,0,0,0.5,340
2018,3,23,6,30,120,0,0.5,342
2018,3,23,7,0,472,0,0.5,345
2018,3,23,7,30,588,0,0.6000000000000001,346
2018,3,23,8,0,769,0,0.6000000000000001,348
2018,3,23,8,30,840,0,0.7000000000000001,346
2018,3,23,9,0,888,0,0.7000000000000001,344
2018,3,23,9,30,919,0,0.8,341
2018,3,23,10,0,934,0,0.8,338
2018,3,23,10,30,950,0,0.9,336
2018,3,23,11,0,959,0,0.9,334
2018,3,23,11,30,938,0,0.9,333
2018,3,23,12,0,847,0,0.9,332
2018,3,23,12,30,611,0,1.0,331
2018,3,23,13,0,194,4,1.0,331
2018,3,23,13,30,36,4,0.9,331
2018,3,23,14,0,133,4,0.9,331
2018,3,23,14,30,157,4,0.9,331
2018,3,23,15,0,285,4,0.9,331
2018,3,23,15,30,199,4,0.8,332
2018,3,23,16,0,358,4,0.8,333
2018,3,23,16,30,658,0,0.7000000000000001,335
2018,3,23,17,0,543,0,0.6000000000000001,337
2018,3,23,17,30,604,0,0.5,341
2018,3,23,18,0,414,0,0.4,345
2018,3,23,18,30,135,0,0.4,345
2018,3,23,19,0,0,0,0.4,356
2018,3,23,19,30,0,0,0.4,181
2018,3,23,20,0,0,0,0.4,5
2018,3,23,20,30,0,0,0.4,7
2018,3,23,21,0,0,0,0.4,9
2018,3,23,21,30,0,0,0.4,10
2018,3,23,22,0,0,0,0.4,11
2018,3,23,22,30,0,0,0.4,11
2018,3,23,23,0,0,0,0.4,12
2018,3,23,23,30,0,0,0.4,10
2018,3,24,0,0,0,0,0.4,8
2018,3,24,0,30,0,0,0.4,183
2018,3,24,1,0,0,0,0.4,358
2018,3,24,1,30,0,0,0.4,355
2018,3,24,2,0,0,0,0.4,353
2018,3,24,2,30,0,0,0.4,177
2018,3,24,3,0,0,0,0.4,1
2018,3,24,3,30,0,0,0.4,5
2018,3,24,4,0,0,4,0.4,10
2018,3,24,4,30,0,7,0.4,12
2018,3,24,5,0,0,7,0.4,13
2018,3,24,5,30,0,7,0.4,17
2018,3,24,6,0,0,7,0.4,21
2018,3,24,6,30,38,7,0.4,29
2018,3,24,7,0,127,4,0.5,37
2018,3,24,7,30,377,7,0.5,45
2018,3,24,8,0,657,0,0.5,53
2018,3,24,8,30,617,7,0.5,58
2018,3,24,9,0,661,7,0.5,63
2018,3,24,9,30,883,0,0.5,63
2018,3,24,10,0,770,7,0.6000000000000001,63
2018,3,24,10,30,610,7,0.6000000000000001,58
2018,3,24,11,0,525,7,0.6000000000000001,54
2018,3,24,11,30,440,7,0.6000000000000001,52
2018,3,24,12,0,380,7,0.6000000000000001,51
2018,3,24,12,30,377,7,0.6000000000000001,50
2018,3,24,13,0,452,7,0.6000000000000001,49
2018,3,24,13,30,379,7,0.6000000000000001,47
2018,3,24,14,0,320,7,0.5,46
2018,3,24,14,30,278,7,0.5,43
2018,3,24,15,0,225,7,0.5,41
2018,3,24,15,30,190,6,0.4,36
2018,3,24,16,0,149,6,0.30000000000000004,32
2018,3,24,16,30,49,6,0.4,28
2018,3,24,17,0,66,7,0.4,23
2018,3,24,17,30,10,7,0.4,18
2018,3,24,18,0,0,6,0.5,13
2018,3,24,18,30,0,6,0.5,13
2018,3,24,19,0,0,6,0.6000000000000001,10
2018,3,24,19,30,0,7,0.6000000000000001,14
2018,3,24,20,0,0,7,0.7000000000000001,18
2018,3,24,20,30,0,6,0.7000000000000001,21
2018,3,24,21,0,0,6,0.7000000000000001,23
2018,3,24,21,30,0,7,0.6000000000000001,27
2018,3,24,22,0,0,7,0.6000000000000001,30
2018,3,24,22,30,0,7,0.6000000000000001,34
2018,3,24,23,0,0,7,0.5,37
2018,3,24,23,30,0,7,0.6000000000000001,38
2018,3,25,0,0,0,7,0.6000000000000001,38
2018,3,25,0,30,0,7,0.6000000000000001,39
2018,3,25,1,0,0,7,0.6000000000000001,40
2018,3,25,1,30,0,7,0.6000000000000001,39
2018,3,25,2,0,0,7,0.6000000000000001,39
2018,3,25,2,30,0,7,0.6000000000000001,38
2018,3,25,3,0,0,0,0.6000000000000001,36
2018,3,25,3,30,0,0,0.6000000000000001,35
2018,3,25,4,0,0,0,0.6000000000000001,35
2018,3,25,4,30,0,0,0.6000000000000001,35
2018,3,25,5,0,0,0,0.6000000000000001,35
2018,3,25,5,30,0,0,0.7000000000000001,37
2018,3,25,6,0,0,0,0.7000000000000001,39
2018,3,25,6,30,86,4,0.8,49
2018,3,25,7,0,524,0,1.0,58
2018,3,25,7,30,703,0,1.1,61
2018,3,25,8,0,812,0,1.1,64
2018,3,25,8,30,880,0,1.2000000000000002,65
2018,3,25,9,0,929,0,1.2000000000000002,66
2018,3,25,9,30,963,0,1.1,68
2018,3,25,10,0,988,0,1.1,70
2018,3,25,10,30,1006,0,1.1,73
2018,3,25,11,0,1020,0,1.1,76
2018,3,25,11,30,1028,0,1.1,79
2018,3,25,12,0,1033,0,1.1,81
2018,3,25,12,30,1037,0,1.1,84
2018,3,25,13,0,1038,0,1.1,87
2018,3,25,13,30,1029,0,1.0,89
2018,3,25,14,0,1015,0,1.0,90
2018,3,25,14,30,998,0,1.0,91
2018,3,25,15,0,967,0,1.0,92
2018,3,25,15,30,939,0,0.9,92
2018,3,25,16,0,903,0,0.9,92
2018,3,25,16,30,856,0,0.7000000000000001,90
2018,3,25,17,0,790,0,0.6000000000000001,88
2018,3,25,17,30,615,0,0.6000000000000001,88
2018,3,25,18,0,524,0,0.5,87
2018,3,25,18,30,211,0,0.5,87
2018,3,25,19,0,0,0,0.6000000000000001,91
2018,3,25,19,30,0,0,0.7000000000000001,94
2018,3,25,20,0,0,0,0.7000000000000001,97
2018,3,25,20,30,0,0,0.8,100
2018,3,25,21,0,0,0,0.8,103
2018,3,25,21,30,0,0,0.8,104
2018,3,25,22,0,0,0,0.7000000000000001,105
2018,3,25,22,30,0,0,0.7000000000000001,105
2018,3,25,23,0,0,0,0.7000000000000001,105
2018,3,25,23,30,0,0,0.7000000000000001,108
2018,3,26,0,0,0,0,0.7000000000000001,110
2018,3,26,0,30,0,0,0.7000000000000001,112
2018,3,26,1,0,0,0,0.7000000000000001,114
2018,3,26,1,30,0,0,0.7000000000000001,116
2018,3,26,2,0,0,0,0.7000000000000001,117
2018,3,26,2,30,0,0,0.7000000000000001,118
2018,3,26,3,0,0,0,0.7000000000000001,119
2018,3,26,3,30,0,0,0.7000000000000001,118
2018,3,26,4,0,0,0,0.7000000000000001,118
2018,3,26,4,30,0,0,0.7000000000000001,117
2018,3,26,5,0,0,0,0.7000000000000001,117
2018,3,26,5,30,0,0,0.7000000000000001,117
2018,3,26,6,0,0,0,0.7000000000000001,118
2018,3,26,6,30,127,0,0.8,120
2018,3,26,7,0,429,0,0.9,122
2018,3,26,7,30,610,0,1.0,128
2018,3,26,8,0,724,0,1.1,133
2018,3,26,8,30,801,0,1.1,136
2018,3,26,9,0,856,0,1.1,139
2018,3,26,9,30,903,0,1.1,139
2018,3,26,10,0,942,0,1.1,139
2018,3,26,10,30,963,0,1.1,137
2018,3,26,11,0,978,0,1.1,135
2018,3,26,11,30,988,0,1.1,133
2018,3,26,12,0,994,0,1.1,131
2018,3,26,12,30,991,0,1.1,131
2018,3,26,13,0,988,0,1.1,130
2018,3,26,13,30,763,7,1.1,132
2018,3,26,14,0,973,0,1.0,134
2018,3,26,14,30,956,0,1.0,134
2018,3,26,15,0,931,0,0.9,134
2018,3,26,15,30,859,0,0.8,131
2018,3,26,16,0,592,7,0.7000000000000001,127
2018,3,26,16,30,483,7,0.7000000000000001,123
2018,3,26,17,0,351,7,0.6000000000000001,119
2018,3,26,17,30,283,7,0.6000000000000001,118
2018,3,26,18,0,190,7,0.6000000000000001,117
2018,3,26,18,30,72,7,0.6000000000000001,117
2018,3,26,19,0,0,6,0.6000000000000001,119
2018,3,26,19,30,0,6,0.6000000000000001,120
2018,3,26,20,0,0,6,0.6000000000000001,120
2018,3,26,20,30,0,6,0.6000000000000001,123
2018,3,26,21,0,0,7,0.7000000000000001,127
2018,3,26,21,30,0,7,0.7000000000000001,130
2018,3,26,22,0,0,7,0.7000000000000001,132
2018,3,26,22,30,0,7,0.7000000000000001,134
2018,3,26,23,0,0,7,0.7000000000000001,136
2018,3,26,23,30,0,7,0.7000000000000001,137
2018,3,27,0,0,0,7,0.8,138
2018,3,27,0,30,0,7,0.8,138
2018,3,27,1,0,0,6,0.8,139
2018,3,27,1,30,0,7,0.8,140
2018,3,27,2,0,0,7,0.8,140
2018,3,27,2,30,0,6,0.8,146
2018,3,27,3,0,0,6,0.9,151
2018,3,27,3,30,0,6,0.9,150
2018,3,27,4,0,0,6,0.8,149
2018,3,27,4,30,0,6,0.9,149
2018,3,27,5,0,0,6,0.9,150
2018,3,27,5,30,0,6,0.9,150
2018,3,27,6,0,0,6,1.0,149
2018,3,27,6,30,0,6,1.0,152
2018,3,27,7,0,0,6,1.1,155
2018,3,27,7,30,0,6,1.1,157
2018,3,27,8,0,0,6,1.0,158
2018,3,27,8,30,0,7,1.0,163
2018,3,27,9,0,0,7,1.0,168
2018,3,27,9,30,0,7,1.0,172
2018,3,27,10,0,0,7,1.0,176
2018,3,27,10,30,0,7,1.0,179
2018,3,27,11,0,0,7,1.0,182
2018,3,27,11,30,0,7,1.0,181
2018,3,27,12,0,0,6,1.0,180
2018,3,27,12,30,0,6,0.9,181
2018,3,27,13,0,0,6,0.9,182
2018,3,27,13,30,0,6,0.8,182
2018,3,27,14,0,0,6,0.8,183
2018,3,27,14,30,0,6,0.7000000000000001,183
2018,3,27,15,0,0,6,0.7000000000000001,183
2018,3,27,15,30,0,7,0.6000000000000001,187
2018,3,27,16,0,0,6,0.6000000000000001,191
2018,3,27,16,30,0,6,0.6000000000000001,191
2018,3,27,17,0,0,7,0.5,191
2018,3,27,17,30,0,6,0.5,192
2018,3,27,18,0,0,7,0.5,194
2018,3,27,18,30,0,7,0.5,194
2018,3,27,19,0,0,7,0.5,207
2018,3,27,19,30,0,7,0.5,214
2018,3,27,20,0,0,7,0.4,220
2018,3,27,20,30,0,7,0.4,221
2018,3,27,21,0,0,7,0.30000000000000004,222
2018,3,27,21,30,0,7,0.30000000000000004,222
2018,3,27,22,0,0,8,0.30000000000000004,221
2018,3,27,22,30,0,8,0.30000000000000004,224
2018,3,27,23,0,0,7,0.30000000000000004,228
2018,3,27,23,30,0,7,0.4,241
2018,3,28,0,0,0,7,0.4,255
2018,3,28,0,30,0,7,0.30000000000000004,268
2018,3,28,1,0,0,4,0.30000000000000004,281
2018,3,28,1,30,0,4,0.30000000000000004,291
2018,3,28,2,0,0,4,0.2,302
2018,3,28,2,30,0,4,0.30000000000000004,309
2018,3,28,3,0,0,4,0.4,317
2018,3,28,3,30,0,4,0.4,326
2018,3,28,4,0,0,7,0.5,336
2018,3,28,4,30,0,7,0.5,347
2018,3,28,5,0,0,4,0.5,358
2018,3,28,5,30,0,4,0.5,189
2018,3,28,6,0,0,7,0.5,21
2018,3,28,6,30,9,4,0.4,21
2018,3,28,7,0,12,4,0.4,20
2018,3,28,7,30,0,7,0.30000000000000004,25
2018,3,28,8,0,0,7,0.30000000000000004,31
2018,3,28,8,30,0,6,0.30000000000000004,30
2018,3,28,9,0,4,7,0.30000000000000004,29
2018,3,28,9,30,2,7,0.30000000000000004,32
2018,3,28,10,0,1,7,0.30000000000000004,35
2018,3,28,10,30,0,7,0.30000000000000004,47
2018,3,28,11,0,1,6,0.30000000000000004,58
2018,3,28,11,30,0,6,0.30000000000000004,56
2018,3,28,12,0,0,6,0.30000000000000004,55
2018,3,28,12,30,0,6,0.30000000000000004,41
2018,3,28,13,0,0,6,0.30000000000000004,26
2018,3,28,13,30,0,7,0.30000000000000004,28
2018,3,28,14,0,0,6,0.30000000000000004,30
2018,3,28,14,30,0,7,0.30000000000000004,32
2018,3,28,15,0,0,7,0.30000000000000004,34
2018,3,28,15,30,2,6,0.30000000000000004,31
2018,3,28,16,0,0,7,0.2,28
2018,3,28,16,30,0,7,0.2,30
2018,3,28,17,0,0,7,0.2,33
2018,3,28,17,30,0,7,0.2,39
2018,3,28,18,0,0,6,0.2,44
2018,3,28,18,30,0,7,0.2,44
2018,3,28,19,0,0,8,0.2,54
2018,3,28,19,30,0,4,0.2,62
2018,3,28,20,0,0,7,0.30000000000000004,70
2018,3,28,20,30,0,8,0.5,75
2018,3,28,21,0,0,7,0.6000000000000001,79
2018,3,28,21,30,0,7,0.7000000000000001,87
2018,3,28,22,0,0,7,0.7000000000000001,94
2018,3,28,22,30,0,8,0.7000000000000001,105
2018,3,28,23,0,0,8,0.6000000000000001,115
2018,3,28,23,30,0,7,0.6000000000000001,126
2018,3,29,0,0,0,7,0.6000000000000001,137
2018,3,29,0,30,0,7,0.6000000000000001,147
2018,3,29,1,0,0,6,0.6000000000000001,156
2018,3,29,1,30,0,6,0.5,165
2018,3,29,2,0,0,6,0.5,174
2018,3,29,2,30,0,6,0.30000000000000004,179
2018,3,29,3,0,0,6,0.2,183
2018,3,29,3,30,0,6,0.2,191
2018,3,29,4,0,0,6,0.2,199
2018,3,29,4,30,0,6,0.30000000000000004,205
2018,3,29,5,0,0,6,0.30000000000000004,212
2018,3,29,5,30,0,6,0.30000000000000004,215
2018,3,29,6,0,0,6,0.30000000000000004,219
2018,3,29,6,30,0,6,0.30000000000000004,215
2018,3,29,7,0,0,6,0.30000000000000004,211
2018,3,29,7,30,0,6,0.30000000000000004,202
2018,3,29,8,0,0,7,0.4,194
2018,3,29,8,30,0,6,0.4,187
2018,3,29,9,0,0,7,0.4,181
2018,3,29,9,30,0,7,0.4,179
2018,3,29,10,0,0,7,0.4,176
2018,3,29,10,30,0,6,0.5,184
2018,3,29,11,0,0,6,0.6000000000000001,192
2018,3,29,11,30,10,8,0.7000000000000001,198
2018,3,29,12,0,13,8,0.8,204
2018,3,29,12,30,6,7,0.8,206
2018,3,29,13,0,4,8,0.9,208
2018,3,29,13,30,4,8,0.8,213
2018,3,29,14,0,3,8,0.8,217
2018,3,29,14,30,1,8,0.6000000000000001,220
2018,3,29,15,0,0,7,0.4,223
2018,3,29,15,30,0,7,0.4,240
2018,3,29,16,0,0,7,0.30000000000000004,257
2018,3,29,16,30,0,7,0.4,278
2018,3,29,17,0,0,6,0.5,300
2018,3,29,17,30,0,6,0.5,310
2018,3,29,18,0,0,6,0.6000000000000001,320
2018,3,29,18,30,0,6,0.6000000000000001,320
2018,3,29,19,0,0,6,0.6000000000000001,329
2018,3,29,19,30,0,6,0.6000000000000001,336
2018,3,29,20,0,0,6,0.6000000000000001,344
2018,3,29,20,30,0,6,0.6000000000000001,343
2018,3,29,21,0,0,6,0.6000000000000001,342
2018,3,29,21,30,0,9,0.6000000000000001,342
2018,3,29,22,0,0,6,0.7000000000000001,342
2018,3,29,22,30,0,6,0.7000000000000001,341
2018,3,29,23,0,0,7,0.7000000000000001,340
2018,3,29,23,30,0,7,0.7000000000000001,345
2018,3,30,0,0,0,7,0.7000000000000001,349
2018,3,30,0,30,0,7,0.7000000000000001,350
2018,3,30,1,0,0,7,0.7000000000000001,350
2018,3,30,1,30,0,4,0.7000000000000001,348
2018,3,30,2,0,0,4,0.7000000000000001,347
2018,3,30,2,30,0,4,0.7000000000000001,344
2018,3,30,3,0,0,7,0.7000000000000001,340
2018,3,30,3,30,0,7,0.7000000000000001,341
2018,3,30,4,0,0,7,0.7000000000000001,342
2018,3,30,4,30,0,7,0.7000000000000001,342
2018,3,30,5,0,0,4,0.7000000000000001,341
2018,3,30,5,30,0,4,0.7000000000000001,339
2018,3,30,6,0,0,4,0.7000000000000001,337
2018,3,30,6,30,0,4,0.7000000000000001,339
2018,3,30,7,0,0,4,0.8,341
2018,3,30,7,30,0,4,0.8,343
2018,3,30,8,0,0,4,0.8,344
2018,3,30,8,30,1,4,0.8,344
2018,3,30,9,0,0,4,0.8,343
2018,3,30,9,30,0,4,0.8,340
2018,3,30,10,0,0,4,0.8,337
2018,3,30,10,30,4,4,0.8,334
2018,3,30,11,0,4,7,0.8,331
2018,3,30,11,30,8,4,0.8,328
2018,3,30,12,0,33,7,0.8,325
2018,3,30,12,30,93,7,0.8,323
2018,3,30,13,0,233,7,0.8,321
2018,3,30,13,30,124,7,0.8,321
2018,3,30,14,0,63,7,0.8,321
2018,3,30,14,30,222,7,0.8,323
2018,3,30,15,0,434,7,0.7000000000000001,325
2018,3,30,15,30,476,7,0.7000000000000001,327
2018,3,30,16,0,393,7,0.6000000000000001,328
2018,3,30,16,30,312,7,0.5,327
2018,3,30,17,0,208,7,0.5,326
2018,3,30,17,30,474,0,0.4,326
2018,3,30,18,0,118,4,0.2,325
2018,3,30,18,30,26,4,0.2,325
2018,3,30,19,0,0,7,0.2,332
2018,3,30,19,30,0,7,0.2,338
2018,3,30,20,0,0,0,0.30000000000000004,344
2018,3,30,20,30,0,0,0.5,348
2018,3,30,21,0,0,0,0.7000000000000001,351
2018,3,30,21,30,0,0,0.7000000000000001,352
2018,3,30,22,0,0,0,0.7000000000000001,354
2018,3,30,22,30,0,0,0.5,356
2018,3,30,23,0,0,0,0.30000000000000004,358
2018,3,30,23,30,0,0,0.4,257
2018,3,31,0,0,0,0,0.5,155
2018,3,31,0,30,0,0,0.6000000000000001,162
2018,3,31,1,0,0,0,0.8,169
2018,3,31,1,30,0,0,0.7000000000000001,174
2018,3,31,2,0,0,0,0.6000000000000001,178
2018,3,31,2,30,0,0,0.4,184
2018,3,31,3,0,0,0,0.30000000000000004,190
2018,3,31,3,30,0,0,0.30000000000000004,191
2018,3,31,4,0,0,0,0.30000000000000004,191
2018,3,31,4,30,0,0,0.30000000000000004,189
2018,3,31,5,0,0,0,0.30000000000000004,186
2018,3,31,5,30,0,0,0.30000000000000004,184
2018,3,31,6,0,0,0,0.30000000000000004,183
2018,3,31,6,30,220,0,0.4,176
2018,3,31,7,0,471,0,0.5,169
2018,3,31,7,30,670,0,0.6000000000000001,168
2018,3,31,8,0,773,0,0.6000000000000001,167
2018,3,31,8,30,838,0,0.7000000000000001,179
2018,3,31,9,0,881,0,0.8,191
2018,3,31,9,30,900,0,0.9,191
2018,3,31,10,0,743,7,0.9,192
2018,3,31,10,30,545,7,1.0,196
2018,3,31,11,0,457,7,1.0,199
2018,3,31,11,30,287,7,1.0,200
2018,3,31,12,0,259,7,1.0,200
2018,3,31,12,30,159,7,1.0,202
2018,3,31,13,0,537,7,1.0,203
2018,3,31,13,30,573,4,1.0,202
2018,3,31,14,0,847,0,0.9,201
2018,3,31,14,30,882,0,1.0,199
2018,3,31,15,0,695,0,1.0,198
2018,3,31,15,30,60,4,1.0,200
2018,3,31,16,0,6,7,1.0,202
2018,3,31,16,30,26,7,1.0,205
2018,3,31,17,0,2,7,1.0,209
2018,3,31,17,30,0,7,1.0,214
2018,3,31,18,0,0,4,1.0,219
2018,3,31,18,30,1,7,1.0,219
2018,3,31,19,0,0,7,1.0,227
2018,3,31,19,30,0,7,1.0,228
2018,3,31,20,0,0,7,1.0,229
2018,3,31,20,30,0,7,1.0,228
2018,3,31,21,0,0,7,1.0,227
2018,3,31,21,30,0,7,1.0,227
2018,3,31,22,0,0,6,1.0,227
2018,3,31,22,30,0,6,0.9,231
2018,3,31,23,0,0,7,0.9,236
2018,3,31,23,30,0,7,0.8,251
2018,4,1,0,0,0,7,0.7000000000000001,266
2018,4,1,0,30,0,7,0.8,284
2018,4,1,1,0,0,7,0.9,301
2018,4,1,1,30,0,4,0.9,311
2018,4,1,2,0,0,4,0.9,320
2018,4,1,2,30,0,4,0.8,323
2018,4,1,3,0,0,4,0.7000000000000001,327
2018,4,1,3,30,0,4,0.6000000000000001,328
2018,4,1,4,0,0,4,0.5,329
2018,4,1,4,30,0,4,0.5,331
2018,4,1,5,0,0,4,0.4,334
2018,4,1,5,30,0,4,0.4,336
2018,4,1,6,0,0,4,0.4,339
2018,4,1,6,30,43,4,0.5,341
2018,4,1,7,0,176,4,0.6000000000000001,343
2018,4,1,7,30,539,0,0.6000000000000001,341
2018,4,1,8,0,678,0,0.6000000000000001,339
2018,4,1,8,30,755,0,0.6000000000000001,332
2018,4,1,9,0,813,0,0.6000000000000001,326
2018,4,1,9,30,857,0,0.6000000000000001,319
2018,4,1,10,0,892,0,0.6000000000000001,313
2018,4,1,10,30,867,0,0.7000000000000001,309
2018,4,1,11,0,691,7,0.7000000000000001,305
2018,4,1,11,30,866,0,0.7000000000000001,304
2018,4,1,12,0,813,0,0.7000000000000001,303
2018,4,1,12,30,885,0,0.7000000000000001,302
2018,4,1,13,0,906,0,0.7000000000000001,301
2018,4,1,13,30,871,0,0.7000000000000001,301
2018,4,1,14,0,743,0,0.7000000000000001,301
2018,4,1,14,30,483,7,0.7000000000000001,302
2018,4,1,15,0,695,0,0.7000000000000001,302
2018,4,1,15,30,616,0,0.7000000000000001,305
2018,4,1,16,0,355,4,0.6000000000000001,307
2018,4,1,16,30,69,4,0.5,315
2018,4,1,17,0,44,7,0.4,323
2018,4,1,17,30,0,7,0.30000000000000004,341
2018,4,1,18,0,0,7,0.2,359
2018,4,1,18,30,0,7,0.2,359
2018,4,1,19,0,0,7,0.2,2
2018,4,1,19,30,0,7,0.2,10
2018,4,1,20,0,0,7,0.2,18
2018,4,1,20,30,0,7,0.2,21
2018,4,1,21,0,0,6,0.30000000000000004,24
2018,4,1,21,30,0,6,0.30000000000000004,19
2018,4,1,22,0,0,6,0.30000000000000004,14
2018,4,1,22,30,0,6,0.30000000000000004,186
2018,4,1,23,0,0,6,0.30000000000000004,359
2018,4,1,23,30,0,6,0.2,358
2018,4,2,0,0,0,7,0.2,356
2018,4,2,0,30,0,7,0.2,357
2018,4,2,1,0,0,7,0.2,358
2018,4,2,1,30,0,4,0.2,352
2018,4,2,2,0,0,4,0.2,345
2018,4,2,2,30,0,4,0.30000000000000004,340
2018,4,2,3,0,0,4,0.4,335
2018,4,2,3,30,0,4,0.4,337
2018,4,2,4,0,0,4,0.4,339
2018,4,2,4,30,0,4,0.4,327
2018,4,2,5,0,0,4,0.30000000000000004,314
2018,4,2,5,30,0,4,0.30000000000000004,320
2018,4,2,6,0,0,4,0.30000000000000004,327
2018,4,2,6,30,0,4,0.30000000000000004,341
2018,4,2,7,0,0,4,0.4,354
2018,4,2,7,30,0,4,0.4,188
2018,4,2,8,0,0,4,0.4,21
2018,4,2,8,30,14,4,0.30000000000000004,27
2018,4,2,9,0,84,4,0.30000000000000004,33
2018,4,2,9,30,176,4,0.2,25
2018,4,2,10,0,239,4,0.1,16
2018,4,2,10,30,117,4,0.1,142
2018,4,2,11,0,49,4,0.1,269
2018,4,2,11,30,37,4,0.1,261
2018,4,2,12,0,34,7,0.1,253
2018,4,2,12,30,32,7,0.1,247
2018,4,2,13,0,16,7,0.2,241
2018,4,2,13,30,45,7,0.2,234
2018,4,2,14,0,216,7,0.2,226
2018,4,2,14,30,383,7,0.2,214
2018,4,2,15,0,384,7,0.1,201
2018,4,2,15,30,309,7,0.1,184
2018,4,2,16,0,392,7,0.1,166
2018,4,2,16,30,560,7,0.2,153
2018,4,2,17,0,314,7,0.2,139
2018,4,2,17,30,83,7,0.4,125
2018,4,2,18,0,0,4,0.6000000000000001,111
2018,4,2,18,30,7,4,0.6000000000000001,111
2018,4,2,19,0,0,7,0.6000000000000001,106
2018,4,2,19,30,0,7,0.4,113
2018,4,2,20,0,0,7,0.30000000000000004,120
2018,4,2,20,30,0,0,0.30000000000000004,126
2018,4,2,21,0,0,0,0.4,131
2018,4,2,21,30,0,4,0.30000000000000004,133
2018,4,2,22,0,0,0,0.2,136
2018,4,2,22,30,0,4,0.2,131
2018,4,2,23,0,0,4,0.2,127
2018,4,2,23,30,0,4,0.2,122
2018,4,3,0,0,0,4,0.2,118
2018,4,3,0,30,0,4,0.2,124
2018,4,3,1,0,0,4,0.2,129
2018,4,3,1,30,0,4,0.30000000000000004,129
2018,4,3,2,0,0,4,0.30000000000000004,128
2018,4,3,2,30,0,7,0.30000000000000004,127
2018,4,3,3,0,0,7,0.30000000000000004,125
2018,4,3,3,30,0,6,0.30000000000000004,122
2018,4,3,4,0,0,6,0.4,120
2018,4,3,4,30,0,6,0.30000000000000004,125
2018,4,3,5,0,0,7,0.1,131
2018,4,3,5,30,0,6,0.2,126
2018,4,3,6,0,1,6,0.2,122
2018,4,3,6,30,1,6,0.2,124
2018,4,3,7,0,0,6,0.2,127
2018,4,3,7,30,0,6,0.30000000000000004,133
2018,4,3,8,0,0,9,0.30000000000000004,138
2018,4,3,8,30,0,9,0.30000000000000004,159
2018,4,3,9,0,4,9,0.30000000000000004,179
2018,4,3,9,30,11,6,0.30000000000000004,173
2018,4,3,10,0,18,6,0.30000000000000004,166
2018,4,3,10,30,27,6,0.4,156
2018,4,3,11,0,38,6,0.5,146
2018,4,3,11,30,38,6,0.5,147
2018,4,3,12,0,40,6,0.5,149
2018,4,3,12,30,32,6,0.6000000000000001,163
2018,4,3,13,0,20,6,0.6000000000000001,177
2018,4,3,13,30,13,6,0.6000000000000001,180
2018,4,3,14,0,30,7,0.6000000000000001,182
2018,4,3,14,30,19,7,0.7000000000000001,187
2018,4,3,15,0,108,8,0.8,191
2018,4,3,15,30,50,4,0.8,189
2018,4,3,16,0,93,4,0.8,188
2018,4,3,16,30,48,6,0.9,187
2018,4,3,17,0,0,9,0.9,186
2018,4,3,17,30,0,9,0.9,188
2018,4,3,18,0,0,9,0.9,191
2018,4,3,18,30,0,6,0.9,191
2018,4,3,19,0,0,6,0.9,194
2018,4,3,19,30,0,6,1.0,194
2018,4,3,20,0,0,6,1.0,193
2018,4,3,20,30,0,6,1.0,191
2018,4,3,21,0,0,6,1.0,188
2018,4,3,21,30,0,6,1.1,183
2018,4,3,22,0,0,6,1.1,178
2018,4,3,22,30,0,6,1.1,182
2018,4,3,23,0,0,6,1.2000000000000002,186
2018,4,3,23,30,0,6,1.2000000000000002,189
2018,4,4,0,0,0,6,1.2000000000000002,192
2018,4,4,0,30,0,6,1.3,212
2018,4,4,1,0,0,6,1.3,232
2018,4,4,1,30,0,7,1.3,246
2018,4,4,2,0,0,6,1.4000000000000001,260
2018,4,4,2,30,0,6,1.3,260
2018,4,4,3,0,0,6,1.2000000000000002,261
2018,4,4,3,30,0,6,1.2000000000000002,259
2018,4,4,4,0,0,7,1.2000000000000002,257
2018,4,4,4,30,0,7,1.2000000000000002,257
2018,4,4,5,0,0,7,1.2000000000000002,258
2018,4,4,5,30,0,7,1.2000000000000002,254
2018,4,4,6,0,0,4,1.3,251
2018,4,4,6,30,0,4,1.3,249
2018,4,4,7,0,0,4,1.3,246
2018,4,4,7,30,0,4,1.4000000000000001,248
2018,4,4,8,0,15,4,1.4000000000000001,250
2018,4,4,8,30,19,4,1.5,253
2018,4,4,9,0,2,4,1.5,257
2018,4,4,9,30,4,4,1.6,260
2018,4,4,10,0,14,4,1.6,263
2018,4,4,10,30,111,4,1.6,265
2018,4,4,11,0,160,4,1.6,267
2018,4,4,11,30,53,4,1.5,268
2018,4,4,12,0,157,4,1.5,269
2018,4,4,12,30,73,4,1.5,270
2018,4,4,13,0,73,4,1.5,271
2018,4,4,13,30,59,4,1.5,273
2018,4,4,14,0,87,4,1.4000000000000001,274
2018,4,4,14,30,94,4,1.4000000000000001,276
2018,4,4,15,0,184,4,1.4000000000000001,277
2018,4,4,15,30,241,4,1.3,279
2018,4,4,16,0,151,4,1.3,281
2018,4,4,16,30,137,4,1.2000000000000002,282
2018,4,4,17,0,67,4,1.1,284
2018,4,4,17,30,196,4,1.0,284
2018,4,4,18,0,126,4,0.9,284
2018,4,4,18,30,42,4,0.9,284
2018,4,4,19,0,6,4,0.8,282
2018,4,4,19,30,0,4,0.8,282
2018,4,4,20,0,0,4,0.8,281
2018,4,4,20,30,0,4,0.7000000000000001,282
2018,4,4,21,0,0,4,0.7000000000000001,282
2018,4,4,21,30,0,0,0.6000000000000001,283
2018,4,4,22,0,0,0,0.6000000000000001,284
2018,4,4,22,30,0,0,0.6000000000000001,285
2018,4,4,23,0,0,0,0.5,286
2018,4,4,23,30,0,4,0.5,286
2018,4,5,0,0,0,4,0.5,287
2018,4,5,0,30,0,4,0.5,287
2018,4,5,1,0,0,4,0.4,287
2018,4,5,1,30,0,4,0.4,287
2018,4,5,2,0,0,4,0.4,286
2018,4,5,2,30,0,4,0.4,285
2018,4,5,3,0,0,4,0.30000000000000004,283
2018,4,5,3,30,0,4,0.30000000000000004,281
2018,4,5,4,0,0,0,0.30000000000000004,278
2018,4,5,4,30,0,0,0.30000000000000004,275
2018,4,5,5,0,0,0,0.30000000000000004,271
2018,4,5,5,30,0,0,0.30000000000000004,268
2018,4,5,6,0,11,0,0.4,265
2018,4,5,6,30,87,4,0.4,265
2018,4,5,7,0,426,0,0.5,266
2018,4,5,7,30,592,0,0.6000000000000001,268
2018,4,5,8,0,691,0,0.7000000000000001,271
2018,4,5,8,30,651,0,0.7000000000000001,270
2018,4,5,9,0,287,4,0.7000000000000001,270
2018,4,5,9,30,361,4,0.7000000000000001,269
2018,4,5,10,0,550,4,0.7000000000000001,268
2018,4,5,10,30,807,0,0.7000000000000001,268
2018,4,5,11,0,922,0,0.8,267
2018,4,5,11,30,933,0,0.8,267
2018,4,5,12,0,940,0,0.8,267
2018,4,5,12,30,936,0,0.8,268
2018,4,5,13,0,927,0,0.8,269
2018,4,5,13,30,917,0,0.8,270
2018,4,5,14,0,901,0,0.8,272
2018,4,5,14,30,885,0,0.7000000000000001,272
2018,4,5,15,0,859,0,0.7000000000000001,273
2018,4,5,15,30,753,0,0.6000000000000001,272
2018,4,5,16,0,411,7,0.6000000000000001,272
2018,4,5,16,30,272,7,0.4,271
2018,4,5,17,0,219,7,0.30000000000000004,270
2018,4,5,17,30,298,7,0.30000000000000004,269
2018,4,5,18,0,114,4,0.2,268
2018,4,5,18,30,19,4,0.2,268
2018,4,5,19,0,6,7,0.2,264
2018,4,5,19,30,0,7,0.2,260
2018,4,5,20,0,0,7,0.2,257
2018,4,5,20,30,0,7,0.2,253
2018,4,5,21,0,0,4,0.2,249
2018,4,5,21,30,0,4,0.2,246
2018,4,5,22,0,0,7,0.2,243
2018,4,5,22,30,0,7,0.30000000000000004,238
2018,4,5,23,0,0,7,0.4,232
2018,4,5,23,30,0,6,0.5,214
2018,4,6,0,0,0,6,0.6000000000000001,197
2018,4,6,0,30,0,6,0.4,181
2018,4,6,1,0,0,6,0.30000000000000004,166
2018,4,6,1,30,0,6,0.30000000000000004,158
2018,4,6,2,0,0,7,0.30000000000000004,151
2018,4,6,2,30,0,7,0.30000000000000004,150
2018,4,6,3,0,0,7,0.4,150
2018,4,6,3,30,0,7,0.4,152
2018,4,6,4,0,0,7,0.4,154
2018,4,6,4,30,0,7,0.4,160
2018,4,6,5,0,0,7,0.4,167
2018,4,6,5,30,0,7,0.4,175
2018,4,6,6,0,3,7,0.4,184
2018,4,6,6,30,1,4,0.5,189
2018,4,6,7,0,7,7,0.5,193
2018,4,6,7,30,6,7,0.5,198
2018,4,6,8,0,0,7,0.6000000000000001,202
2018,4,6,8,30,43,7,0.6000000000000001,213
2018,4,6,9,0,74,7,0.7000000000000001,225
2018,4,6,9,30,124,6,0.8,236
2018,4,6,10,0,108,6,0.8,248
2018,4,6,10,30,165,6,0.9,252
2018,4,6,11,0,82,6,0.9,255
2018,4,6,11,30,86,7,0.9,256
2018,4,6,12,0,52,7,0.9,257
2018,4,6,12,30,177,8,0.9,258
2018,4,6,13,0,98,8,1.0,258
2018,4,6,13,30,56,7,0.9,259
2018,4,6,14,0,66,7,0.9,261
2018,4,6,14,30,55,7,0.9,263
2018,4,6,15,0,11,7,0.9,266
2018,4,6,15,30,3,7,0.8,271
2018,4,6,16,0,2,7,0.8,277
2018,4,6,16,30,0,7,0.8,283
2018,4,6,17,0,0,7,0.7000000000000001,290
2018,4,6,17,30,0,7,0.7000000000000001,295
2018,4,6,18,0,0,6,0.8,300
2018,4,6,18,30,0,6,0.8,300
2018,4,6,19,0,0,7,0.8,308
2018,4,6,19,30,0,7,0.8,311
2018,4,6,20,0,0,7,0.8,315
2018,4,6,20,30,0,7,0.8,315
2018,4,6,21,0,0,7,0.8,315
2018,4,6,21,30,0,7,0.7000000000000001,315
2018,4,6,22,0,0,7,0.7000000000000001,314
2018,4,6,22,30,0,7,0.7000000000000001,314
2018,4,6,23,0,0,7,0.7000000000000001,315
2018,4,6,23,30,0,7,0.6000000000000001,317
2018,4,7,0,0,0,8,0.6000000000000001,319
2018,4,7,0,30,0,8,0.5,322
2018,4,7,1,0,0,8,0.5,325
2018,4,7,1,30,0,8,0.5,330
2018,4,7,2,0,0,7,0.5,334
2018,4,7,2,30,0,7,0.5,341
2018,4,7,3,0,0,7,0.5,347
2018,4,7,3,30,0,7,0.5,349
2018,4,7,4,0,0,7,0.5,352
2018,4,7,4,30,0,7,0.5,352
2018,4,7,5,0,0,7,0.4,351
2018,4,7,5,30,0,7,0.4,351
2018,4,7,6,0,9,7,0.4,350
2018,4,7,6,30,0,4,0.4,352
2018,4,7,7,0,257,7,0.5,354
2018,4,7,7,30,260,7,0.5,351
2018,4,7,8,0,357,7,0.5,348
2018,4,7,8,30,401,7,0.5,343
2018,4,7,9,0,313,7,0.5,338
2018,4,7,9,30,499,7,0.4,330
2018,4,7,10,0,606,7,0.4,322
2018,4,7,10,30,693,7,0.4,316
2018,4,7,11,0,731,7,0.4,310
2018,4,7,11,30,738,7,0.4,307
2018,4,7,12,0,783,7,0.4,303
2018,4,7,12,30,734,7,0.4,301
2018,4,7,13,0,680,7,0.5,299
2018,4,7,13,30,501,4,0.5,300
2018,4,7,14,0,271,4,0.5,300
2018,4,7,14,30,264,4,0.5,302
2018,4,7,15,0,458,4,0.5,304
2018,4,7,15,30,535,4,0.5,306
2018,4,7,16,0,384,4,0.5,308
2018,4,7,16,30,295,4,0.5,312
2018,4,7,17,0,333,4,0.4,315
2018,4,7,17,30,274,4,0.30000000000000004,321
2018,4,7,18,0,151,4,0.2,326
2018,4,7,18,30,56,4,0.2,326
2018,4,7,19,0,7,4,0.2,337
2018,4,7,19,30,0,4,0.2,343
2018,4,7,20,0,0,4,0.2,349
2018,4,7,20,30,0,4,0.2,353
2018,4,7,21,0,0,4,0.2,356
2018,4,7,21,30,0,4,0.30000000000000004,352
2018,4,7,22,0,0,4,0.30000000000000004,349
2018,4,7,22,30,0,4,0.30000000000000004,343
2018,4,7,23,0,0,4,0.30000000000000004,337
2018,4,7,23,30,0,4,0.30000000000000004,333
2018,4,8,0,0,0,4,0.2,329
2018,4,8,0,30,0,4,0.30000000000000004,329
2018,4,8,1,0,0,4,0.30000000000000004,330
2018,4,8,1,30,0,4,0.30000000000000004,331
2018,4,8,2,0,0,4,0.30000000000000004,332
2018,4,8,2,30,0,0,0.30000000000000004,332
2018,4,8,3,0,0,0,0.30000000000000004,331
2018,4,8,3,30,0,0,0.30000000000000004,330
2018,4,8,4,0,0,0,0.30000000000000004,329
2018,4,8,4,30,0,0,0.30000000000000004,327
2018,4,8,5,0,0,0,0.30000000000000004,325
2018,4,8,5,30,0,0,0.4,323
2018,4,8,6,0,38,0,0.4,321
2018,4,8,6,30,300,0,0.5,326
2018,4,8,7,0,493,0,0.5,331
2018,4,8,7,30,633,0,0.5,330
2018,4,8,8,0,721,0,0.5,329
2018,4,8,8,30,730,0,0.5,327
2018,4,8,9,0,508,4,0.5,324
2018,4,8,9,30,379,4,0.5,322
2018,4,8,10,0,450,4,0.6000000000000001,319
2018,4,8,10,30,514,4,0.6000000000000001,317
2018,4,8,11,0,686,4,0.6000000000000001,315
2018,4,8,11,30,514,4,0.6000000000000001,315
2018,4,8,12,0,338,4,0.7000000000000001,315
2018,4,8,12,30,283,4,0.7000000000000001,316
2018,4,8,13,0,321,4,0.7000000000000001,317
2018,4,8,13,30,590,2,0.7000000000000001,319
2018,4,8,14,0,619,2,0.6000000000000001,322
2018,4,8,14,30,753,2,0.6000000000000001,325
2018,4,8,15,0,864,0,0.6000000000000001,327
2018,4,8,15,30,868,0,0.6000000000000001,329
2018,4,8,16,0,819,0,0.6000000000000001,331
2018,4,8,16,30,764,0,0.6000000000000001,337
2018,4,8,17,0,690,0,0.5,343
2018,4,8,17,30,565,0,0.4,172
2018,4,8,18,0,425,0,0.30000000000000004,1
2018,4,8,18,30,174,0,0.30000000000000004,1
2018,4,8,19,0,12,7,0.2,18
2018,4,8,19,30,0,7,0.2,24
2018,4,8,20,0,0,7,0.2,30
2018,4,8,20,30,0,7,0.30000000000000004,35
2018,4,8,21,0,0,7,0.30000000000000004,40
2018,4,8,21,30,0,6,0.30000000000000004,46
2018,4,8,22,0,0,7,0.30000000000000004,53
2018,4,8,22,30,0,7,0.30000000000000004,58
2018,4,8,23,0,0,7,0.30000000000000004,64
2018,4,8,23,30,0,7,0.30000000000000004,68
2018,4,9,0,0,0,7,0.30000000000000004,72
2018,4,9,0,30,0,7,0.2,73
2018,4,9,1,0,0,7,0.2,75
2018,4,9,1,30,0,7,0.2,79
2018,4,9,2,0,0,7,0.2,82
2018,4,9,2,30,0,7,0.2,86
2018,4,9,3,0,0,7,0.2,91
2018,4,9,3,30,0,7,0.2,89
2018,4,9,4,0,0,7,0.2,87
2018,4,9,4,30,0,7,0.30000000000000004,85
2018,4,9,5,0,0,7,0.30000000000000004,84
2018,4,9,5,30,0,7,0.30000000000000004,85
2018,4,9,6,0,5,7,0.30000000000000004,86
2018,4,9,6,30,45,7,0.4,91
2018,4,9,7,0,104,7,0.5,96
2018,4,9,7,30,135,7,0.5,97
2018,4,9,8,0,16,4,0.5,98
2018,4,9,8,30,0,4,0.4,99
2018,4,9,9,0,9,4,0.4,100
2018,4,9,9,30,6,4,0.4,101
2018,4,9,10,0,7,4,0.30000000000000004,102
2018,4,9,10,30,3,4,0.30000000000000004,105
2018,4,9,11,0,8,4,0.2,108
2018,4,9,11,30,32,7,0.1,113
2018,4,9,12,0,26,7,0.1,118
2018,4,9,12,30,15,4,0.1,206
2018,4,9,13,0,13,4,0.1,295
2018,4,9,13,30,19,4,0.2,301
2018,4,9,14,0,14,4,0.30000000000000004,307
2018,4,9,14,30,8,4,0.30000000000000004,313
2018,4,9,15,0,1,4,0.30000000000000004,319
2018,4,9,15,30,0,4,0.30000000000000004,323
2018,4,9,16,0,0,4,0.4,327
2018,4,9,16,30,0,4,0.30000000000000004,329
2018,4,9,17,0,95,4,0.30000000000000004,332
2018,4,9,17,30,28,4,0.30000000000000004,336
2018,4,9,18,0,0,4,0.2,339
2018,4,9,18,30,0,4,0.2,339
2018,4,9,19,0,2,4,0.2,349
2018,4,9,19,30,0,4,0.2,353
2018,4,9,20,0,0,4,0.2,356
2018,4,9,20,30,0,4,0.2,356
2018,4,9,21,0,0,4,0.2,356
2018,4,9,21,30,0,4,0.2,353
2018,4,9,22,0,0,4,0.2,350
2018,4,9,22,30,0,4,0.2,347
2018,4,9,23,0,0,0,0.2,345
2018,4,9,23,30,0,0,0.2,343
2018,4,10,0,0,0,0,0.2,341
2018,4,10,0,30,0,0,0.30000000000000004,342
2018,4,10,1,0,0,0,0.30000000000000004,343
2018,4,10,1,30,0,0,0.30000000000000004,344
2018,4,10,2,0,0,0,0.4,345
2018,4,10,2,30,0,0,0.4,345
2018,4,10,3,0,0,0,0.4,345
2018,4,10,3,30,0,0,0.4,345
2018,4,10,4,0,0,0,0.5,346
2018,4,10,4,30,0,0,0.5,348
2018,4,10,5,0,0,0,0.5,351
2018,4,10,5,30,0,0,0.30000000000000004,353
2018,4,10,6,0,42,0,0.2,355
2018,4,10,6,30,261,0,0.2,321
2018,4,10,7,0,453,0,0.1,287
2018,4,10,7,30,583,0,0.2,284
2018,4,10,8,0,672,0,0.2,282
2018,4,10,8,30,739,0,0.2,279
2018,4,10,9,0,535,0,0.30000000000000004,276
2018,4,10,9,30,130,4,0.30000000000000004,273
2018,4,10,10,0,75,4,0.30000000000000004,271
2018,4,10,10,30,138,4,0.4,270
2018,4,10,11,0,123,4,0.4,268
2018,4,10,11,30,131,4,0.4,268
2018,4,10,12,0,13,4,0.4,268
2018,4,10,12,30,13,4,0.4,269
2018,4,10,13,0,0,4,0.4,270
2018,4,10,13,30,1,4,0.4,271
2018,4,10,14,0,35,4,0.4,273
2018,4,10,14,30,131,4,0.4,275
2018,4,10,15,0,159,4,0.4,278
2018,4,10,15,30,82,4,0.4,282
2018,4,10,16,0,78,4,0.4,285
2018,4,10,16,30,39,4,0.30000000000000004,290
2018,4,10,17,0,150,4,0.2,295
2018,4,10,17,30,108,4,0.30000000000000004,299
2018,4,10,18,0,26,4,0.5,304
2018,4,10,18,30,6,4,0.5,304
2018,4,10,19,0,3,4,0.8,302
2018,4,10,19,30,0,4,0.8,295
2018,4,10,20,0,0,4,0.7000000000000001,289
2018,4,10,20,30,0,4,0.7000000000000001,273
2018,4,10,21,0,0,4,0.7000000000000001,258
2018,4,10,21,30,0,4,0.7000000000000001,248
2018,4,10,22,0,0,4,0.7000000000000001,238
2018,4,10,22,30,0,4,0.8,236
2018,4,10,23,0,0,7,0.8,233
2018,4,10,23,30,0,7,0.9,235
2018,4,11,0,0,0,4,0.9,236
2018,4,11,0,30,0,4,0.9,239
2018,4,11,1,0,0,4,0.8,242
2018,4,11,1,30,0,4,0.8,244
2018,4,11,2,0,0,4,0.7000000000000001,245
2018,4,11,2,30,0,4,0.7000000000000001,244
2018,4,11,3,0,0,4,0.6000000000000001,242
2018,4,11,3,30,0,4,0.5,242
2018,4,11,4,0,0,4,0.4,241
2018,4,11,4,30,0,4,0.30000000000000004,241
2018,4,11,5,0,0,4,0.30000000000000004,240
2018,4,11,5,30,0,4,0.2,238
2018,4,11,6,0,5,4,0.2,236
2018,4,11,6,30,203,0,0.30000000000000004,233
2018,4,11,7,0,428,0,0.4,231
2018,4,11,7,30,563,0,0.4,232
2018,4,11,8,0,662,0,0.5,233
2018,4,11,8,30,733,0,0.6000000000000001,230
2018,4,11,9,0,788,0,0.6000000000000001,227
2018,4,11,9,30,738,0,0.6000000000000001,225
2018,4,11,10,0,467,4,0.6000000000000001,222
2018,4,11,10,30,309,4,0.7000000000000001,222
2018,4,11,11,0,393,4,0.7000000000000001,222
2018,4,11,11,30,25,4,0.7000000000000001,224
2018,4,11,12,0,47,4,0.8,226
2018,4,11,12,30,97,4,0.8,230
2018,4,11,13,0,37,4,0.8,233
2018,4,11,13,30,80,4,0.8,235
2018,4,11,14,0,396,4,0.8,236
2018,4,11,14,30,774,0,0.8,236
2018,4,11,15,0,733,0,0.8,237
2018,4,11,15,30,620,0,0.7000000000000001,237
2018,4,11,16,0,620,0,0.7000000000000001,237
2018,4,11,16,30,553,0,0.6000000000000001,237
2018,4,11,17,0,469,0,0.5,236
2018,4,11,17,30,350,0,0.5,235
2018,4,11,18,0,152,3,0.4,234
2018,4,11,18,30,69,7,0.4,234
2018,4,11,19,0,9,7,0.4,231
2018,4,11,19,30,0,7,0.4,230
2018,4,11,20,0,0,7,0.30000000000000004,229
2018,4,11,20,30,0,7,0.30000000000000004,229
2018,4,11,21,0,0,7,0.4,228
2018,4,11,21,30,0,7,0.4,228
2018,4,11,22,0,0,7,0.4,229
2018,4,11,22,30,0,7,0.4,227
2018,4,11,23,0,0,7,0.4,225
2018,4,11,23,30,0,7,0.30000000000000004,222
2018,4,12,0,0,0,7,0.30000000000000004,219
2018,4,12,0,30,0,6,0.30000000000000004,217
2018,4,12,1,0,0,6,0.30000000000000004,215
2018,4,12,1,30,0,7,0.30000000000000004,216
2018,4,12,2,0,0,7,0.30000000000000004,218
2018,4,12,2,30,0,7,0.30000000000000004,222
2018,4,12,3,0,0,7,0.4,227
2018,4,12,3,30,0,7,0.30000000000000004,220
2018,4,12,4,0,0,7,0.30000000000000004,213
2018,4,12,4,30,0,7,0.30000000000000004,204
2018,4,12,5,0,0,7,0.4,196
2018,4,12,5,30,0,7,0.4,191
2018,4,12,6,0,18,4,0.5,187
2018,4,12,6,30,24,4,0.5,183
2018,4,12,7,0,245,7,0.6000000000000001,179
2018,4,12,7,30,113,4,0.7000000000000001,187
2018,4,12,8,0,142,4,0.8,195
2018,4,12,8,30,25,4,0.9,203
2018,4,12,9,0,31,7,1.0,212
2018,4,12,9,30,189,7,1.0,214
2018,4,12,10,0,428,7,1.0,217
2018,4,12,10,30,523,7,1.0,217
2018,4,12,11,0,821,0,1.0,216
2018,4,12,11,30,829,0,1.1,217
2018,4,12,12,0,832,0,1.1,218
2018,4,12,12,30,841,0,1.1,219
2018,4,12,13,0,849,0,1.1,221
2018,4,12,13,30,813,0,1.1,224
2018,4,12,14,0,383,7,1.1,227
2018,4,12,14,30,290,7,1.1,231
2018,4,12,15,0,657,0,1.1,234
2018,4,12,15,30,678,0,1.0,237
2018,4,12,16,0,479,7,0.9,239
2018,4,12,16,30,154,7,0.8,239
2018,4,12,17,0,237,7,0.7000000000000001,239
2018,4,12,17,30,72,7,0.6000000000000001,238
2018,4,12,18,0,39,7,0.5,237
2018,4,12,18,30,10,7,0.5,237
2018,4,12,19,0,2,7,0.5,235
2018,4,12,19,30,0,7,0.5,234
2018,4,12,20,0,0,7,0.4,232
2018,4,12,20,30,0,7,0.4,225
2018,4,12,21,0,0,7,0.4,217
2018,4,12,21,30,0,0,0.4,214
2018,4,12,22,0,0,0,0.4,211
2018,4,12,22,30,0,3,0.4,211
2018,4,12,23,0,0,7,0.4,211
2018,4,12,23,30,0,7,0.4,211
2018,4,13,0,0,0,6,0.4,211
2018,4,13,0,30,0,7,0.4,209
2018,4,13,1,0,0,7,0.30000000000000004,207
2018,4,13,1,30,0,7,0.30000000000000004,205
2018,4,13,2,0,0,7,0.4,204
2018,4,13,2,30,0,7,0.30000000000000004,205
2018,4,13,3,0,0,7,0.30000000000000004,205
2018,4,13,3,30,0,7,0.30000000000000004,205
2018,4,13,4,0,0,7,0.30000000000000004,206
2018,4,13,4,30,0,7,0.30000000000000004,205
2018,4,13,5,0,0,7,0.4,205
2018,4,13,5,30,0,7,0.5,210
2018,4,13,6,0,24,7,0.6000000000000001,216
2018,4,13,6,30,148,7,0.6000000000000001,211
2018,4,13,7,0,344,7,0.6000000000000001,206
2018,4,13,7,30,357,7,0.6000000000000001,206
2018,4,13,8,0,297,4,0.6000000000000001,206
2018,4,13,8,30,650,0,0.7000000000000001,209
2018,4,13,9,0,519,0,0.8,212
2018,4,13,9,30,251,4,0.8,213
2018,4,13,10,0,315,7,0.8,214
2018,4,13,10,30,695,0,0.7000000000000001,211
2018,4,13,11,0,776,0,0.7000000000000001,208
2018,4,13,11,30,493,0,0.8,209
2018,4,13,12,0,476,4,0.8,210
2018,4,13,12,30,266,4,0.8,212
2018,4,13,13,0,358,4,0.8,214
2018,4,13,13,30,792,0,0.8,216
2018,4,13,14,0,639,7,0.8,219
2018,4,13,14,30,773,0,0.8,220
2018,4,13,15,0,560,7,0.7000000000000001,221
2018,4,13,15,30,522,7,0.7000000000000001,220
2018,4,13,16,0,663,0,0.6000000000000001,218
2018,4,13,16,30,583,7,0.5,217
2018,4,13,17,0,500,7,0.5,216
2018,4,13,17,30,400,7,0.4,220
2018,4,13,18,0,306,7,0.4,223
2018,4,13,18,30,151,7,0.4,223
2018,4,13,19,0,24,3,0.4,234
2018,4,13,19,30,0,7,0.4,235
2018,4,13,20,0,0,7,0.4,237
2018,4,13,20,30,0,7,0.30000000000000004,238
2018,4,13,21,0,0,3,0.30000000000000004,239
2018,4,13,21,30,0,7,0.30000000000000004,239
2018,4,13,22,0,0,7,0.30000000000000004,239
2018,4,13,22,30,0,0,0.30000000000000004,241
2018,4,13,23,0,0,0,0.30000000000000004,242
2018,4,13,23,30,0,0,0.30000000000000004,243
2018,4,14,0,0,0,0,0.30000000000000004,244
2018,4,14,0,30,0,0,0.30000000000000004,241
2018,4,14,1,0,0,3,0.2,237
2018,4,14,1,30,0,7,0.2,229
2018,4,14,2,0,0,7,0.2,220
2018,4,14,2,30,0,7,0.2,218
2018,4,14,3,0,0,7,0.30000000000000004,216
2018,4,14,3,30,0,7,0.2,214
2018,4,14,4,0,0,7,0.2,211
2018,4,14,4,30,0,3,0.30000000000000004,209
2018,4,14,5,0,0,0,0.30000000000000004,206
2018,4,14,5,30,0,3,0.30000000000000004,204
2018,4,14,6,0,22,3,0.30000000000000004,201
2018,4,14,6,30,151,3,0.4,199
2018,4,14,7,0,352,7,0.4,198
2018,4,14,7,30,76,7,0.5,196
2018,4,14,8,0,109,7,0.5,194
2018,4,14,8,30,22,6,0.5,193
2018,4,14,9,0,224,7,0.5,192
2018,4,14,9,30,232,7,0.6000000000000001,194
2018,4,14,10,0,444,7,0.6000000000000001,195
2018,4,14,10,30,435,7,0.7000000000000001,194
2018,4,14,11,0,321,7,0.7000000000000001,192
2018,4,14,11,30,290,7,0.7000000000000001,192
2018,4,14,12,0,209,7,0.8,192
2018,4,14,12,30,85,6,0.8,197
2018,4,14,13,0,59,6,0.8,201
2018,4,14,13,30,56,6,0.7000000000000001,206
2018,4,14,14,0,24,6,0.7000000000000001,211
2018,4,14,14,30,0,6,0.6000000000000001,215
2018,4,14,15,0,0,6,0.5,219
2018,4,14,15,30,0,7,0.4,229
2018,4,14,16,0,13,7,0.30000000000000004,240
2018,4,14,16,30,14,8,0.30000000000000004,268
2018,4,14,17,0,40,8,0.30000000000000004,296
2018,4,14,17,30,24,7,0.30000000000000004,315
2018,4,14,18,0,11,7,0.4,333
2018,4,14,18,30,13,4,0.4,333
2018,4,14,19,0,2,7,0.5,330
2018,4,14,19,30,0,7,0.5,166
2018,4,14,20,0,0,7,0.5,2
2018,4,14,20,30,0,7,0.5,14
2018,4,14,21,0,0,7,0.4,25
2018,4,14,21,30,0,7,0.4,20
2018,4,14,22,0,0,7,0.4,16
2018,4,14,22,30,0,4,0.4,11
2018,4,14,23,0,0,8,0.4,5
2018,4,14,23,30,0,4,0.4,8
2018,4,15,0,0,0,7,0.4,11
2018,4,15,0,30,0,6,0.4,18
2018,4,15,1,0,0,6,0.4,25
2018,4,15,1,30,0,6,0.4,33
2018,4,15,2,0,0,7,0.30000000000000004,41
2018,4,15,2,30,0,7,0.30000000000000004,49
2018,4,15,3,0,0,6,0.30000000000000004,57
2018,4,15,3,30,0,6,0.30000000000000004,62
2018,4,15,4,0,0,6,0.30000000000000004,67
2018,4,15,4,30,0,6,0.30000000000000004,71
2018,4,15,5,0,0,6,0.30000000000000004,74
2018,4,15,5,30,0,6,0.30000000000000004,79
2018,4,15,6,0,0,7,0.30000000000000004,84
2018,4,15,6,30,1,7,0.4,90
2018,4,15,7,0,1,7,0.4,96
2018,4,15,7,30,0,6,0.4,98
2018,4,15,8,0,0,6,0.4,99
2018,4,15,8,30,0,6,0.5,103
2018,4,15,9,0,0,6,0.5,107
2018,4,15,9,30,0,6,0.6000000000000001,118
2018,4,15,10,0,0,6,0.6000000000000001,129
2018,4,15,10,30,0,6,0.7000000000000001,138
2018,4,15,11,0,0,6,0.7000000000000001,147
2018,4,15,11,30,4,6,0.7000000000000001,151
2018,4,15,12,0,3,6,0.7000000000000001,155
2018,4,15,12,30,0,6,0.7000000000000001,154
2018,4,15,13,0,0,6,0.7000000000000001,153
2018,4,15,13,30,0,6,0.7000000000000001,152
2018,4,15,14,0,0,6,0.6000000000000001,151
2018,4,15,14,30,0,6,0.6000000000000001,151
2018,4,15,15,0,0,6,0.6000000000000001,151
2018,4,15,15,30,0,6,0.5,144
2018,4,15,16,0,0,6,0.5,137
2018,4,15,16,30,0,6,0.5,130
2018,4,15,17,0,0,6,0.5,124
2018,4,15,17,30,0,6,0.4,125
2018,4,15,18,0,0,6,0.4,127
2018,4,15,18,30,0,6,0.4,127
2018,4,15,19,0,2,6,0.1,231
2018,4,15,19,30,0,6,0.30000000000000004,260
2018,4,15,20,0,0,6,0.5,289
2018,4,15,20,30,0,6,0.5,295
2018,4,15,21,0,0,6,0.5,301
2018,4,15,21,30,0,6,0.4,308
2018,4,15,22,0,0,6,0.4,316
2018,4,15,22,30,0,6,0.30000000000000004,316
2018,4,15,23,0,0,6,0.30000000000000004,316
2018,4,15,23,30,0,6,0.30000000000000004,313
2018,4,16,0,0,0,6,0.30000000000000004,309
2018,4,16,0,30,0,6,0.30000000000000004,304
2018,4,16,1,0,0,6,0.30000000000000004,300
2018,4,16,1,30,0,6,0.30000000000000004,295
2018,4,16,2,0,0,6,0.4,290
2018,4,16,2,30,0,6,0.4,286
2018,4,16,3,0,0,9,0.4,282
2018,4,16,3,30,0,4,0.4,280
2018,4,16,4,0,0,4,0.4,278
2018,4,16,4,30,0,4,0.5,278
2018,4,16,5,0,0,4,0.5,279
2018,4,16,5,30,0,4,0.6000000000000001,280
2018,4,16,6,0,2,4,0.7000000000000001,280
2018,4,16,6,30,0,4,0.7000000000000001,279
2018,4,16,7,0,0,4,0.7000000000000001,277
2018,4,16,7,30,0,4,0.7000000000000001,275
2018,4,16,8,0,0,4,0.7000000000000001,272
2018,4,16,8,30,0,4,0.8,270
2018,4,16,9,0,3,4,0.8,267
2018,4,16,9,30,9,4,0.8,265
2018,4,16,10,0,13,4,0.8,263
2018,4,16,10,30,36,4,0.8,262
2018,4,16,11,0,12,4,0.8,261
2018,4,16,11,30,12,4,0.8,261
2018,4,16,12,0,24,4,0.8,261
2018,4,16,12,30,14,4,0.8,262
2018,4,16,13,0,4,4,0.8,262
2018,4,16,13,30,3,4,0.8,262
2018,4,16,14,0,13,4,0.8,263
2018,4,16,14,30,9,4,0.8,262
2018,4,16,15,0,2,4,0.8,262
2018,4,16,15,30,1,4,0.8,261
2018,4,16,16,0,1,4,0.8,260
2018,4,16,16,30,0,4,0.8,259
2018,4,16,17,0,0,4,0.7000000000000001,257
2018,4,16,17,30,0,4,0.7000000000000001,254
2018,4,16,18,0,0,4,0.6000000000000001,251
2018,4,16,18,30,0,4,0.6000000000000001,251
2018,4,16,19,0,0,4,0.6000000000000001,246
2018,4,16,19,30,0,4,0.6000000000000001,247
2018,4,16,20,0,0,4,0.6000000000000001,248
2018,4,16,20,30,0,4,0.6000000000000001,250
2018,4,16,21,0,0,4,0.6000000000000001,253
2018,4,16,21,30,0,4,0.6000000000000001,256
2018,4,16,22,0,0,4,0.6000000000000001,259
2018,4,16,22,30,0,4,0.6000000000000001,261
2018,4,16,23,0,0,4,0.6000000000000001,262
2018,4,16,23,30,0,4,0.6000000000000001,262
2018,4,17,0,0,0,4,0.6000000000000001,262
2018,4,17,0,30,0,4,0.6000000000000001,261
2018,4,17,1,0,0,4,0.5,260
2018,4,17,1,30,0,4,0.5,258
2018,4,17,2,0,0,4,0.5,257
2018,4,17,2,30,0,4,0.5,255
2018,4,17,3,0,0,4,0.5,253
2018,4,17,3,30,0,4,0.5,252
2018,4,17,4,0,0,4,0.5,251
2018,4,17,4,30,0,4,0.5,250
2018,4,17,5,0,0,4,0.5,250
2018,4,17,5,30,0,4,0.5,249
2018,4,17,6,0,1,4,0.5,249
2018,4,17,6,30,3,4,0.6000000000000001,251
2018,4,17,7,0,70,8,0.7000000000000001,253
2018,4,17,7,30,87,4,0.7000000000000001,256
2018,4,17,8,0,13,4,0.7000000000000001,259
2018,4,17,8,30,19,4,0.7000000000000001,260
2018,4,17,9,0,10,4,0.8,261
2018,4,17,9,30,3,4,0.8,263
2018,4,17,10,0,6,4,0.8,264
2018,4,17,10,30,16,4,0.8,266
2018,4,17,11,0,90,4,0.8,268
2018,4,17,11,30,74,4,0.8,269
2018,4,17,12,0,75,4,0.8,271
2018,4,17,12,30,60,4,0.8,273
2018,4,17,13,0,17,4,0.8,274
2018,4,17,13,30,68,4,0.8,276
2018,4,17,14,0,84,4,0.8,278
2018,4,17,14,30,8,4,0.8,281
2018,4,17,15,0,28,4,0.8,283
2018,4,17,15,30,22,4,0.7000000000000001,285
2018,4,17,16,0,16,4,0.7000000000000001,288
2018,4,17,16,30,0,4,0.6000000000000001,289
2018,4,17,17,0,2,4,0.6000000000000001,290
2018,4,17,17,30,0,4,0.5,288
2018,4,17,18,0,0,4,0.4,287
2018,4,17,18,30,0,4,0.4,287
2018,4,17,19,0,0,4,0.2,278
2018,4,17,19,30,0,4,0.2,274
2018,4,17,20,0,0,4,0.2,271
2018,4,17,20,30,0,4,0.2,267
2018,4,17,21,0,0,4,0.2,263
2018,4,17,21,30,0,4,0.2,262
2018,4,17,22,0,0,4,0.2,262
2018,4,17,22,30,0,4,0.2,265
2018,4,17,23,0,0,4,0.2,269
2018,4,17,23,30,0,0,0.2,274
2018,4,18,0,0,0,0,0.2,280
2018,4,18,0,30,0,0,0.2,284
2018,4,18,1,0,0,0,0.30000000000000004,289
2018,4,18,1,30,0,0,0.30000000000000004,291
2018,4,18,2,0,0,0,0.30000000000000004,293
2018,4,18,2,30,0,0,0.30000000000000004,293
2018,4,18,3,0,0,0,0.30000000000000004,293
2018,4,18,3,30,0,0,0.30000000000000004,292
2018,4,18,4,0,0,0,0.30000000000000004,291
2018,4,18,4,30,0,0,0.30000000000000004,292
2018,4,18,5,0,0,0,0.30000000000000004,292
2018,4,18,5,30,0,0,0.2,290
2018,4,18,6,0,110,0,0.2,288
2018,4,18,6,30,367,0,0.2,280
2018,4,18,7,0,532,0,0.2,273
2018,4,18,7,30,645,0,0.2,265
2018,4,18,8,0,724,0,0.2,258
2018,4,18,8,30,781,0,0.2,252
2018,4,18,9,0,823,0,0.2,247
2018,4,18,9,30,846,0,0.2,241
2018,4,18,10,0,858,0,0.2,235
2018,4,18,10,30,869,0,0.2,228
2018,4,18,11,0,873,0,0.1,221
2018,4,18,11,30,878,0,0.1,215
2018,4,18,12,0,876,0,0.1,208
2018,4,18,12,30,845,0,0.1,213
2018,4,18,13,0,397,2,0.1,218
2018,4,18,13,30,282,3,0.1,231
2018,4,18,14,0,621,0,0.1,244
2018,4,18,14,30,665,0,0.1,256
2018,4,18,15,0,595,0,0.1,268
2018,4,18,15,30,214,3,0.1,267
2018,4,18,16,0,13,4,0.0,267
2018,4,18,16,30,0,4,0.1,195
2018,4,18,17,0,126,4,0.2,124
2018,4,18,17,30,13,4,0.2,97
2018,4,18,18,0,7,4,0.30000000000000004,70
2018,4,18,18,30,7,3,0.30000000000000004,70
2018,4,18,19,0,1,4,0.30000000000000004,41
2018,4,18,19,30,0,4,0.30000000000000004,37
2018,4,18,20,0,0,4,0.4,33
2018,4,18,20,30,0,4,0.4,23
2018,4,18,21,0,0,4,0.4,13
2018,4,18,21,30,0,4,0.4,9
2018,4,18,22,0,0,4,0.4,5
2018,4,18,22,30,0,4,0.4,9
2018,4,18,23,0,0,4,0.30000000000000004,13
2018,4,18,23,30,0,4,0.30000000000000004,11
2018,4,19,0,0,0,4,0.2,8
2018,4,19,0,30,0,4,0.2,181
2018,4,19,1,0,0,4,0.30000000000000004,354
2018,4,19,1,30,0,4,0.2,353
2018,4,19,2,0,0,4,0.2,351
2018,4,19,2,30,0,4,0.2,347
2018,4,19,3,0,0,4,0.30000000000000004,343
2018,4,19,3,30,0,4,0.30000000000000004,340
2018,4,19,4,0,0,4,0.30000000000000004,338
2018,4,19,4,30,0,4,0.30000000000000004,335
2018,4,19,5,0,0,4,0.30000000000000004,332
2018,4,19,5,30,0,4,0.4,330
2018,4,19,6,0,1,4,0.4,327
2018,4,19,6,30,0,4,0.4,328
2018,4,19,7,0,0,4,0.5,330
2018,4,19,7,30,0,7,0.5,329
2018,4,19,8,0,8,7,0.6000000000000001,328
2018,4,19,8,30,52,4,0.6000000000000001,328
2018,4,19,9,0,85,4,0.7000000000000001,328
2018,4,19,9,30,6,4,0.7000000000000001,327
2018,4,19,10,0,2,4,0.8,327
2018,4,19,10,30,5,4,0.8,326
2018,4,19,11,0,15,4,0.8,325
2018,4,19,11,30,12,4,0.8,324
2018,4,19,12,0,26,4,0.7000000000000001,323
2018,4,19,12,30,30,4,0.7000000000000001,322
2018,4,19,13,0,31,4,0.7000000000000001,320
2018,4,19,13,30,92,4,0.7000000000000001,319
2018,4,19,14,0,333,4,0.7000000000000001,318
2018,4,19,14,30,687,0,0.7000000000000001,317
2018,4,19,15,0,840,0,0.7000000000000001,315
2018,4,19,15,30,812,0,0.7000000000000001,315
2018,4,19,16,0,739,0,0.6000000000000001,314
2018,4,19,16,30,729,0,0.6000000000000001,314
2018,4,19,17,0,668,0,0.5,315
2018,4,19,17,30,591,0,0.4,317
2018,4,19,18,0,481,0,0.30000000000000004,319
2018,4,19,18,30,288,0,0.30000000000000004,319
2018,4,19,19,0,60,0,0.2,333
2018,4,19,19,30,0,0,0.30000000000000004,342
2018,4,19,20,0,0,0,0.30000000000000004,351
2018,4,19,20,30,0,0,0.30000000000000004,178
2018,4,19,21,0,0,0,0.2,5
2018,4,19,21,30,0,0,0.2,7
2018,4,19,22,0,0,0,0.2,9
2018,4,19,22,30,0,0,0.2,5
2018,4,19,23,0,0,0,0.2,2
2018,4,19,23,30,0,0,0.2,177
2018,4,20,0,0,0,0,0.2,352
2018,4,20,0,30,0,0,0.2,346
2018,4,20,1,0,0,0,0.2,339
2018,4,20,1,30,0,0,0.2,335
2018,4,20,2,0,0,0,0.30000000000000004,330
2018,4,20,2,30,0,0,0.30000000000000004,324
2018,4,20,3,0,0,0,0.2,317
2018,4,20,3,30,0,0,0.2,314
2018,4,20,4,0,0,0,0.2,311
2018,4,20,4,30,0,0,0.2,309
2018,4,20,5,0,0,0,0.2,308
2018,4,20,5,30,0,4,0.2,308
2018,4,20,6,0,24,4,0.30000000000000004,308
2018,4,20,6,30,244,4,0.30000000000000004,312
2018,4,20,7,0,614,0,0.30000000000000004,317
2018,4,20,7,30,725,0,0.4,323
2018,4,20,8,0,804,0,0.4,329
2018,4,20,8,30,858,0,0.4,331
2018,4,20,9,0,900,0,0.5,333
2018,4,20,9,30,919,0,0.5,335
2018,4,20,10,0,934,0,0.5,337
2018,4,20,10,30,942,0,0.5,338
2018,4,20,11,0,943,0,0.5,339
2018,4,20,11,30,949,0,0.5,338
2018,4,20,12,0,950,0,0.4,337
2018,4,20,12,30,958,0,0.4,336
2018,4,20,13,0,966,0,0.4,336
2018,4,20,13,30,956,0,0.4,336
2018,4,20,14,0,941,0,0.4,335
2018,4,20,14,30,927,0,0.4,336
2018,4,20,15,0,907,0,0.4,336
2018,4,20,15,30,879,0,0.4,337
2018,4,20,16,0,844,0,0.4,338
2018,4,20,16,30,802,0,0.4,341
2018,4,20,17,0,742,0,0.4,344
2018,4,20,17,30,658,0,0.30000000000000004,348
2018,4,20,18,0,534,0,0.2,351
2018,4,20,18,30,342,0,0.2,351
2018,4,20,19,0,81,0,0.2,1
2018,4,20,19,30,0,0,0.2,8
2018,4,20,20,0,0,0,0.2,15
2018,4,20,20,30,0,0,0.2,21
2018,4,20,21,0,0,0,0.2,27
2018,4,20,21,30,0,0,0.2,27
2018,4,20,22,0,0,0,0.30000000000000004,27
2018,4,20,22,30,0,0,0.30000000000000004,29
2018,4,20,23,0,0,0,0.30000000000000004,31
2018,4,20,23,30,0,0,0.30000000000000004,34
2018,4,21,0,0,0,0,0.30000000000000004,37
2018,4,21,0,30,0,0,0.4,43
2018,4,21,1,0,0,0,0.5,48
2018,4,21,1,30,0,0,0.5,53
2018,4,21,2,0,0,0,0.6000000000000001,58
2018,4,21,2,30,0,0,0.7000000000000001,55
2018,4,21,3,0,0,0,0.8,52
2018,4,21,3,30,0,0,0.8,51
2018,4,21,4,0,0,0,0.7000000000000001,49
2018,4,21,4,30,0,0,0.7000000000000001,55
2018,4,21,5,0,0,0,0.6000000000000001,62
2018,4,21,5,30,0,4,0.4,69
2018,4,21,6,0,72,4,0.2,77
2018,4,21,6,30,257,0,0.2,90
2018,4,21,7,0,565,0,0.2,102
2018,4,21,7,30,656,0,0.2,110
2018,4,21,8,0,713,0,0.2,117
2018,4,21,8,30,760,0,0.2,123
2018,4,21,9,0,688,0,0.2,128
2018,4,21,9,30,575,7,0.1,122
2018,4,21,10,0,496,7,0.1,117
2018,4,21,10,30,408,7,0.1,86
2018,4,21,11,0,237,7,0.1,56
2018,4,21,11,30,250,7,0.1,46
2018,4,21,12,0,232,7,0.1,36
2018,4,21,12,30,181,7,0.1,33
2018,4,21,13,0,115,7,0.2,31
2018,4,21,13,30,138,7,0.2,32
2018,4,21,14,0,170,7,0.2,33
2018,4,21,14,30,62,6,0.2,27
2018,4,21,15,0,178,7,0.2,21
2018,4,21,15,30,232,7,0.2,17
2018,4,21,16,0,453,7,0.2,13
2018,4,21,16,30,504,7,0.2,12
2018,4,21,17,0,470,7,0.2,10
2018,4,21,17,30,201,7,0.2,12
2018,4,21,18,0,226,7,0.1,13
2018,4,21,18,30,0,4,0.1,13
2018,4,21,19,0,4,4,0.2,20
2018,4,21,19,30,0,7,0.2,24
2018,4,21,20,0,0,7,0.2,27
2018,4,21,20,30,0,7,0.2,30
2018,4,21,21,0,0,7,0.2,32
2018,4,21,21,30,0,7,0.2,38
2018,4,21,22,0,0,7,0.2,44
2018,4,21,22,30,0,7,0.2,50
2018,4,21,23,0,0,7,0.2,55
2018,4,21,23,30,0,4,0.2,60
2018,4,22,0,0,0,7,0.2,64
2018,4,22,0,30,0,7,0.2,67
2018,4,22,1,0,0,7,0.2,70
2018,4,22,1,30,0,4,0.2,72
2018,4,22,2,0,0,7,0.2,74
2018,4,22,2,30,0,7,0.1,75
2018,4,22,3,0,0,7,0.1,76
2018,4,22,3,30,0,7,0.1,77
2018,4,22,4,0,0,7,0.1,77
2018,4,22,4,30,0,0,0.1,75
2018,4,22,5,0,0,4,0.1,74
2018,4,22,5,30,4,7,0.2,71
2018,4,22,6,0,93,4,0.2,69
2018,4,22,6,30,221,4,0.2,65
2018,4,22,7,0,374,7,0.2,62
2018,4,22,7,30,396,7,0.2,59
2018,4,22,8,0,455,7,0.2,56
2018,4,22,8,30,473,7,0.30000000000000004,61
2018,4,22,9,0,522,7,0.30000000000000004,67
2018,4,22,9,30,567,7,0.30000000000000004,68
2018,4,22,10,0,547,7,0.30000000000000004,68
2018,4,22,10,30,492,7,0.30000000000000004,66
2018,4,22,11,0,438,7,0.30000000000000004,63
2018,4,22,11,30,410,7,0.30000000000000004,62
2018,4,22,12,0,416,7,0.30000000000000004,60
2018,4,22,12,30,454,7,0.30000000000000004,61
2018,4,22,13,0,492,7,0.30000000000000004,61
2018,4,22,13,30,509,7,0.30000000000000004,62
2018,4,22,14,0,623,7,0.30000000000000004,63
2018,4,22,14,30,690,7,0.30000000000000004,63
2018,4,22,15,0,778,0,0.30000000000000004,63
2018,4,22,15,30,820,0,0.30000000000000004,63
2018,4,22,16,0,797,0,0.30000000000000004,63
2018,4,22,16,30,754,0,0.2,62
2018,4,22,17,0,697,0,0.2,61
2018,4,22,17,30,615,0,0.2,55
2018,4,22,18,0,500,0,0.1,50
2018,4,22,18,30,326,0,0.1,50
2018,4,22,19,0,83,7,0.2,51
2018,4,22,19,30,0,0,0.2,56
2018,4,22,20,0,0,0,0.2,62
2018,4,22,20,30,0,0,0.2,68
2018,4,22,21,0,0,0,0.2,75
2018,4,22,21,30,0,0,0.2,82
2018,4,22,22,0,0,0,0.2,89
2018,4,22,22,30,0,0,0.2,95
2018,4,22,23,0,0,0,0.2,101
2018,4,22,23,30,0,0,0.2,103
2018,4,23,0,0,0,0,0.2,105
2018,4,23,0,30,0,3,0.2,106
2018,4,23,1,0,0,7,0.2,106
2018,4,23,1,30,0,7,0.2,109
2018,4,23,2,0,0,7,0.2,111
2018,4,23,2,30,0,7,0.2,115
2018,4,23,3,0,0,7,0.2,119
2018,4,23,3,30,0,7,0.2,116
2018,4,23,4,0,0,7,0.2,113
2018,4,23,4,30,0,7,0.2,110
2018,4,23,5,0,0,7,0.2,107
2018,4,23,5,30,8,7,0.2,107
2018,4,23,6,0,102,7,0.30000000000000004,107
2018,4,23,6,30,228,7,0.30000000000000004,110
2018,4,23,7,0,326,7,0.30000000000000004,112
2018,4,23,7,30,433,7,0.4,122
2018,4,23,8,0,465,7,0.4,132
2018,4,23,8,30,575,7,0.4,139
2018,4,23,9,0,692,7,0.4,146
2018,4,23,9,30,702,7,0.4,143
2018,4,23,10,0,516,7,0.4,141
2018,4,23,10,30,676,7,0.4,138
2018,4,23,11,0,446,7,0.4,135
2018,4,23,11,30,483,7,0.4,138
2018,4,23,12,0,413,7,0.4,141
2018,4,23,12,30,353,7,0.4,145
2018,4,23,13,0,739,0,0.4,149
2018,4,23,13,30,649,7,0.4,154
2018,4,23,14,0,274,7,0.4,159
2018,4,23,14,30,126,6,0.4,163
2018,4,23,15,0,300,7,0.4,167
2018,4,23,15,30,294,7,0.30000000000000004,171
2018,4,23,16,0,136,7,0.30000000000000004,174
2018,4,23,16,30,3,7,0.30000000000000004,177
2018,4,23,17,0,0,7,0.2,180
2018,4,23,17,30,0,6,0.2,182
2018,4,23,18,0,0,6,0.2,185
2018,4,23,18,30,0,6,0.2,185
2018,4,23,19,0,3,6,0.2,184
2018,4,23,19,30,0,8,0.2,179
2018,4,23,20,0,0,7,0.2,175
2018,4,23,20,30,0,7,0.2,166
2018,4,23,21,0,0,7,0.2,158
2018,4,23,21,30,0,8,0.2,149
2018,4,23,22,0,0,4,0.2,141
2018,4,23,22,30,0,8,0.2,135
2018,4,23,23,0,0,7,0.2,129
2018,4,23,23,30,0,4,0.2,128
2018,4,24,0,0,0,4,0.2,126
2018,4,24,0,30,0,4,0.2,124
2018,4,24,1,0,0,7,0.2,122
2018,4,24,1,30,0,7,0.2,120
2018,4,24,2,0,0,8,0.2,118
2018,4,24,2,30,0,4,0.2,117
2018,4,24,3,0,0,7,0.2,116
2018,4,24,3,30,0,7,0.2,115
2018,4,24,4,0,0,7,0.2,114
2018,4,24,4,30,0,7,0.2,111
2018,4,24,5,0,0,7,0.2,109
2018,4,24,5,30,0,7,0.30000000000000004,106
2018,4,24,6,0,0,7,0.30000000000000004,102
2018,4,24,6,30,0,7,0.30000000000000004,100
2018,4,24,7,0,0,7,0.30000000000000004,98
2018,4,24,7,30,0,6,0.4,100
2018,4,24,8,0,0,6,0.4,101
2018,4,24,8,30,0,6,0.4,103
2018,4,24,9,0,0,6,0.4,106
2018,4,24,9,30,0,6,0.4,107
2018,4,24,10,0,1,6,0.4,108
2018,4,24,10,30,1,6,0.4,111
2018,4,24,11,0,0,6,0.4,114
2018,4,24,11,30,0,6,0.5,115
2018,4,24,12,0,0,6,0.5,117
2018,4,24,12,30,0,6,0.4,117
2018,4,24,13,0,0,6,0.4,118
2018,4,24,13,30,0,6,0.4,116
2018,4,24,14,0,0,6,0.4,114
2018,4,24,14,30,0,6,0.4,111
2018,4,24,15,0,0,6,0.4,108
2018,4,24,15,30,0,6,0.4,106
2018,4,24,16,0,0,6,0.4,105
2018,4,24,16,30,0,7,0.4,105
2018,4,24,17,0,0,7,0.30000000000000004,106
2018,4,24,17,30,0,7,0.30000000000000004,106
2018,4,24,18,0,0,7,0.30000000000000004,106
2018,4,24,18,30,0,7,0.30000000000000004,106
2018,4,24,19,0,4,7,0.2,104
2018,4,24,19,30,0,7,0.2,102
2018,4,24,20,0,0,7,0.1,100
2018,4,24,20,30,0,7,0.1,100
2018,4,24,21,0,0,7,0.1,101
2018,4,24,21,30,0,7,0.1,102
2018,4,24,22,0,0,7,0.1,103
2018,4,24,22,30,0,7,0.1,104
2018,4,24,23,0,0,7,0.1,105
2018,4,24,23,30,0,7,0.1,104
2018,4,25,0,0,0,7,0.1,103
2018,4,25,0,30,0,7,0.1,102
2018,4,25,1,0,0,3,0.1,100
2018,4,25,1,30,0,3,0.1,99
2018,4,25,2,0,0,4,0.1,97
2018,4,25,2,30,0,4,0.1,95
2018,4,25,3,0,0,4,0.1,93
2018,4,25,3,30,0,4,0.1,88
2018,4,25,4,0,0,4,0.1,84
2018,4,25,4,30,0,4,0.1,78
2018,4,25,5,0,0,4,0.2,72
2018,4,25,5,30,0,4,0.1,62
2018,4,25,6,0,0,4,0.1,53
2018,4,25,6,30,0,4,0.1,201
2018,4,25,7,0,0,4,0.1,350
2018,4,25,7,30,0,4,0.1,333
2018,4,25,8,0,48,4,0.2,315
2018,4,25,8,30,20,4,0.30000000000000004,320
2018,4,25,9,0,12,4,0.30000000000000004,326
2018,4,25,9,30,3,4,0.30000000000000004,328
2018,4,25,10,0,7,4,0.4,330
2018,4,25,10,30,2,4,0.4,330
2018,4,25,11,0,4,4,0.4,330
2018,4,25,11,30,1,4,0.4,330
2018,4,25,12,0,6,7,0.4,330
2018,4,25,12,30,38,7,0.4,330
2018,4,25,13,0,8,4,0.4,330
2018,4,25,13,30,8,4,0.4,332
2018,4,25,14,0,1,4,0.4,333
2018,4,25,14,30,1,4,0.5,333
2018,4,25,15,0,11,3,0.5,334
2018,4,25,15,30,8,3,0.5,334
2018,4,25,16,0,5,3,0.4,334
2018,4,25,16,30,3,3,0.4,334
2018,4,25,17,0,57,3,0.4,334
2018,4,25,17,30,207,0,0.30000000000000004,336
2018,4,25,18,0,132,0,0.30000000000000004,339
2018,4,25,18,30,96,0,0.30000000000000004,339
2018,4,25,19,0,17,0,0.2,350
2018,4,25,19,30,0,0,0.2,178
2018,4,25,20,0,0,0,0.2,6
2018,4,25,20,30,0,0,0.2,9
2018,4,25,21,0,0,0,0.2,12
2018,4,25,21,30,0,0,0.1,13
2018,4,25,22,0,0,0,0.1,14
2018,4,25,22,30,0,0,0.2,185
2018,4,25,23,0,0,0,0.2,356
2018,4,25,23,30,0,0,0.2,350
2018,4,26,0,0,0,0,0.2,345
2018,4,26,0,30,0,0,0.2,346
2018,4,26,1,0,0,0,0.2,347
2018,4,26,1,30,0,0,0.2,348
2018,4,26,2,0,0,0,0.2,349
2018,4,26,2,30,0,0,0.4,352
2018,4,26,3,0,0,0,0.5,354
2018,4,26,3,30,0,0,0.6000000000000001,180
2018,4,26,4,0,0,0,0.7000000000000001,6
2018,4,26,4,30,0,0,0.7000000000000001,13
2018,4,26,5,0,0,0,0.7000000000000001,20
2018,4,26,5,30,20,0,0.4,24
2018,4,26,6,0,90,4,0.2,28
2018,4,26,6,30,401,0,0.2,30
2018,4,26,7,0,589,0,0.1,33
2018,4,26,7,30,688,0,0.1,25
2018,4,26,8,0,758,0,0.1,17
2018,4,26,8,30,813,0,0.1,180
2018,4,26,9,0,856,0,0.1,344
2018,4,26,9,30,895,0,0.1,330
2018,4,26,10,0,929,0,0.1,315
2018,4,26,10,30,940,0,0.1,303
2018,4,26,11,0,947,0,0.1,292
2018,4,26,11,30,953,0,0.1,283
2018,4,26,12,0,955,0,0.1,275
2018,4,26,12,30,943,0,0.1,280
2018,4,26,13,0,895,0,0.1,284
2018,4,26,13,30,873,0,0.1,286
2018,4,26,14,0,888,0,0.1,288
2018,4,26,14,30,892,0,0.1,291
2018,4,26,15,0,869,0,0.1,294
2018,4,26,15,30,842,0,0.1,297
2018,4,26,16,0,722,0,0.1,301
2018,4,26,16,30,470,7,0.1,305
2018,4,26,17,0,350,7,0.2,310
2018,4,26,17,30,208,7,0.30000000000000004,330
2018,4,26,18,0,2,7,0.5,349
2018,4,26,18,30,0,7,0.5,349
2018,4,26,19,0,6,7,0.8,21
2018,4,26,19,30,0,7,0.7000000000000001,33
2018,4,26,20,0,0,7,0.5,44
2018,4,26,20,30,0,7,0.30000000000000004,50
2018,4,26,21,0,0,6,0.2,55
2018,4,26,21,30,0,6,0.1,61
2018,4,26,22,0,0,6,0.1,66
2018,4,26,22,30,0,6,0.1,72
2018,4,26,23,0,0,6,0.1,77
2018,4,26,23,30,0,6,0.1,82
2018,4,27,0,0,0,6,0.1,87
2018,4,27,0,30,0,6,0.1,92
2018,4,27,1,0,0,7,0.1,96
2018,4,27,1,30,0,7,0.1,101
2018,4,27,2,0,0,7,0.1,106
2018,4,27,2,30,0,7,0.1,113
2018,4,27,3,0,0,7,0.1,119
2018,4,27,3,30,0,7,0.1,124
2018,4,27,4,0,0,7,0.1,129
2018,4,27,4,30,0,7,0.1,134
2018,4,27,5,0,0,7,0.1,138
2018,4,27,5,30,14,7,0.1,145
2018,4,27,6,0,146,7,0.1,152
2018,4,27,6,30,284,7,0.1,159
2018,4,27,7,0,315,7,0.2,166
2018,4,27,7,30,307,7,0.2,173
2018,4,27,8,0,311,7,0.1,181
2018,4,27,8,30,477,7,0.2,191
2018,4,27,9,0,511,7,0.2,201
2018,4,27,9,30,518,7,0.2,207
2018,4,27,10,0,496,7,0.2,214
2018,4,27,10,30,547,7,0.30000000000000004,217
2018,4,27,11,0,453,7,0.30000000000000004,221
2018,4,27,11,30,479,2,0.30000000000000004,224
2018,4,27,12,0,261,3,0.30000000000000004,228
2018,4,27,12,30,217,7,0.30000000000000004,231
2018,4,27,13,0,331,7,0.30000000000000004,235
2018,4,27,13,30,588,0,0.30000000000000004,239
2018,4,27,14,0,329,3,0.4,242
2018,4,27,14,30,332,3,0.30000000000000004,245
2018,4,27,15,0,507,0,0.30000000000000004,247
2018,4,27,15,30,338,4,0.30000000000000004,248
2018,4,27,16,0,275,3,0.30000000000000004,249
2018,4,27,16,30,145,4,0.30000000000000004,252
2018,4,27,17,0,40,7,0.30000000000000004,254
2018,4,27,17,30,0,7,0.2,257
2018,4,27,18,0,0,7,0.2,260
2018,4,27,18,30,38,3,0.2,260
2018,4,27,19,0,42,0,0.2,265
2018,4,27,19,30,0,0,0.2,267
2018,4,27,20,0,0,0,0.2,269
2018,4,27,20,30,0,0,0.2,271
2018,4,27,21,0,0,0,0.2,273
2018,4,27,21,30,0,0,0.2,275
2018,4,27,22,0,0,0,0.2,276
2018,4,27,22,30,0,0,0.1,275
2018,4,27,23,0,0,0,0.1,274
2018,4,27,23,30,0,0,0.1,276
2018,4,28,0,0,0,0,0.2,279
2018,4,28,0,30,0,0,0.1,284
2018,4,28,1,0,0,0,0.1,288
2018,4,28,1,30,0,7,0.1,293
2018,4,28,2,0,0,7,0.1,297
2018,4,28,2,30,0,7,0.1,279
2018,4,28,3,0,0,4,0.1,261
2018,4,28,3,30,0,4,0.1,244
2018,4,28,4,0,0,4,0.1,228
2018,4,28,4,30,0,4,0.1,231
2018,4,28,5,0,0,4,0.1,234
2018,4,28,5,30,1,4,0.2,285
2018,4,28,6,0,10,4,0.2,336
2018,4,28,6,30,44,4,0.2,341
2018,4,28,7,0,127,4,0.30000000000000004,347
2018,4,28,7,30,57,4,0.30000000000000004,346
2018,4,28,8,0,204,4,0.30000000000000004,345
2018,4,28,8,30,360,0,0.4,342
2018,4,28,9,0,167,2,0.4,339
2018,4,28,9,30,58,3,0.4,335
2018,4,28,10,0,42,4,0.4,330
2018,4,28,10,30,28,4,0.4,326
2018,4,28,11,0,11,4,0.4,323
2018,4,28,11,30,20,4,0.5,322
2018,4,28,12,0,4,4,0.5,321
2018,4,28,12,30,0,4,0.5,320
2018,4,28,13,0,0,4,0.5,320
2018,4,28,13,30,1,4,0.5,320
2018,4,28,14,0,4,4,0.5,320
2018,4,28,14,30,1,4,0.5,320
2018,4,28,15,0,1,4,0.5,320
2018,4,28,15,30,0,4,0.4,321
2018,4,28,16,0,0,4,0.4,321
2018,4,28,16,30,0,4,0.4,323
2018,4,28,17,0,0,4,0.4,324
2018,4,28,17,30,0,4,0.30000000000000004,326
2018,4,28,18,0,0,4,0.30000000000000004,328
2018,4,28,18,30,0,4,0.30000000000000004,328
2018,4,28,19,0,0,4,0.2,333
2018,4,28,19,30,0,4,0.2,336
2018,4,28,20,0,0,0,0.2,338
2018,4,28,20,30,0,0,0.1,339
2018,4,28,21,0,0,0,0.1,339
2018,4,28,21,30,0,0,0.1,338
2018,4,28,22,0,0,0,0.1,337
2018,4,28,22,30,0,0,0.1,336
2018,4,28,23,0,0,0,0.1,336
2018,4,28,23,30,0,0,0.1,334
2018,4,29,0,0,0,0,0.1,333
2018,4,29,0,30,0,0,0.1,331
2018,4,29,1,0,0,0,0.1,329
2018,4,29,1,30,0,0,0.1,327
2018,4,29,2,0,0,0,0.1,325
2018,4,29,2,30,0,0,0.1,322
2018,4,29,3,0,0,0,0.1,319
2018,4,29,3,30,0,0,0.1,317
2018,4,29,4,0,0,0,0.1,315
2018,4,29,4,30,0,0,0.2,315
2018,4,29,5,0,0,0,0.2,315
2018,4,29,5,30,41,0,0.2,317
2018,4,29,6,0,288,0,0.2,318
2018,4,29,6,30,508,0,0.30000000000000004,320
2018,4,29,7,0,650,0,0.30000000000000004,323
2018,4,29,7,30,740,0,0.4,324
2018,4,29,8,0,804,0,0.4,326
2018,4,29,8,30,849,0,0.5,327
2018,4,29,9,0,852,0,0.5,328
2018,4,29,9,30,342,4,0.5,328
2018,4,29,10,0,130,4,0.5,328
2018,4,29,10,30,310,4,0.5,328
2018,4,29,11,0,595,2,0.5,327
2018,4,29,11,30,950,0,0.5,327
2018,4,29,12,0,954,0,0.5,326
2018,4,29,12,30,955,0,0.5,325
2018,4,29,13,0,956,0,0.4,323
2018,4,29,13,30,948,0,0.4,322
2018,4,29,14,0,940,0,0.4,321
2018,4,29,14,30,926,0,0.4,320
2018,4,29,15,0,904,0,0.4,319
2018,4,29,15,30,879,0,0.4,319
2018,4,29,16,0,846,0,0.4,319
2018,4,29,16,30,803,0,0.30000000000000004,319
2018,4,29,17,0,747,0,0.30000000000000004,319
2018,4,29,17,30,671,0,0.2,318
2018,4,29,18,0,562,0,0.2,317
2018,4,29,18,30,397,0,0.2,317
2018,4,29,19,0,151,0,0.1,319
2018,4,29,19,30,0,0,0.2,319
2018,4,29,20,0,0,0,0.30000000000000004,318
2018,4,29,20,30,0,0,0.5,318
2018,4,29,21,0,0,0,0.7000000000000001,318
2018,4,29,21,30,0,0,0.8,318
2018,4,29,22,0,0,0,0.9,318
2018,4,29,22,30,0,0,1.0,318
2018,4,29,23,0,0,0,1.0,318
2018,4,29,23,30,0,0,1.1,313
2018,4,30,0,0,0,0,1.1,309
2018,4,30,0,30,0,0,1.1,301
2018,4,30,1,0,0,0,1.1,293
2018,4,30,1,30,0,0,1.1,287
2018,4,30,2,0,0,0,1.0,280
2018,4,30,2,30,0,0,1.0,276
2018,4,30,3,0,0,0,0.9,273
2018,4,30,3,30,0,0,0.8,270
2018,4,30,4,0,0,0,0.7000000000000001,268
2018,4,30,4,30,0,0,0.6000000000000001,267
2018,4,30,5,0,0,4,0.5,266
2018,4,30,5,30,13,4,0.30000000000000004,267
2018,4,30,6,0,42,4,0.2,269
2018,4,30,6,30,413,0,0.2,268
2018,4,30,7,0,662,0,0.2,267
2018,4,30,7,30,745,0,0.2,265
2018,4,30,8,0,805,0,0.2,264
2018,4,30,8,30,847,0,0.30000000000000004,274
2018,4,30,9,0,878,0,0.30000000000000004,285
2018,4,30,9,30,904,0,0.30000000000000004,284
2018,4,30,10,0,919,0,0.4,283
2018,4,30,10,30,934,0,0.4,282
2018,4,30,11,0,945,0,0.4,281
2018,4,30,11,30,952,0,0.4,280
2018,4,30,12,0,954,0,0.4,280
2018,4,30,12,30,951,0,0.4,280
2018,4,30,13,0,943,0,0.4,280
2018,4,30,13,30,937,0,0.30000000000000004,280
2018,4,30,14,0,925,0,0.30000000000000004,280
2018,4,30,14,30,908,0,0.30000000000000004,279
2018,4,30,15,0,886,0,0.30000000000000004,279
2018,4,30,15,30,859,0,0.30000000000000004,277
2018,4,30,16,0,823,0,0.30000000000000004,275
2018,4,30,16,30,784,0,0.2,273
2018,4,30,17,0,727,0,0.2,271
2018,4,30,17,30,651,0,0.2,265
2018,4,30,18,0,549,0,0.2,260
2018,4,30,18,30,389,0,0.2,260
2018,4,30,19,0,153,0,0.8,253
2018,4,30,19,30,0,0,0.8,250
2018,4,30,20,0,0,0,0.7000000000000001,247
2018,4,30,20,30,0,0,0.6000000000000001,244
2018,4,30,21,0,0,0,0.4,242
2018,4,30,21,30,0,0,0.30000000000000004,240
2018,4,30,22,0,0,0,0.2,238
2018,4,30,22,30,0,0,0.2,236
2018,4,30,23,0,0,0,0.2,234
2018,4,30,23,30,0,0,0.2,234
2018,5,1,0,0,0,0,0.2,234
2018,5,1,0,30,0,0,0.2,234
2018,5,1,1,0,0,0,0.2,234
2018,5,1,1,30,0,0,0.2,234
2018,5,1,2,0,0,0,0.2,234
2018,5,1,2,30,0,0,0.2,236
2018,5,1,3,0,0,0,0.2,238
2018,5,1,3,30,0,0,0.2,240
2018,5,1,4,0,0,0,0.2,242
2018,5,1,4,30,0,0,0.2,241
2018,5,1,5,0,0,0,0.1,240
2018,5,1,5,30,43,7,0.2,235
2018,5,1,6,0,229,0,0.2,230
2018,5,1,6,30,434,0,0.2,222
2018,5,1,7,0,577,0,0.2,213
2018,5,1,7,30,664,0,0.2,206
2018,5,1,8,0,725,0,0.2,198
2018,5,1,8,30,771,0,0.2,204
2018,5,1,9,0,806,0,0.30000000000000004,209
2018,5,1,9,30,844,0,0.30000000000000004,217
2018,5,1,10,0,877,0,0.30000000000000004,224
2018,5,1,10,30,894,0,0.30000000000000004,224
2018,5,1,11,0,905,0,0.30000000000000004,224
2018,5,1,11,30,912,0,0.4,223
2018,5,1,12,0,915,0,0.4,222
2018,5,1,12,30,916,0,0.4,221
2018,5,1,13,0,915,0,0.4,220
2018,5,1,13,30,910,0,0.4,220
2018,5,1,14,0,902,0,0.4,219
2018,5,1,14,30,890,0,0.4,218
2018,5,1,15,0,873,0,0.4,218
2018,5,1,15,30,851,0,0.30000000000000004,216
2018,5,1,16,0,822,0,0.30000000000000004,215
2018,5,1,16,30,783,0,0.30000000000000004,212
2018,5,1,17,0,732,0,0.30000000000000004,210
2018,5,1,17,30,659,0,0.2,210
2018,5,1,18,0,555,0,0.2,210
2018,5,1,18,30,402,0,0.2,210
2018,5,1,19,0,169,0,0.2,212
2018,5,1,19,30,0,0,0.2,212
2018,5,1,20,0,0,0,0.2,213
2018,5,1,20,30,0,0,0.2,214
2018,5,1,21,0,0,0,0.2,214
2018,5,1,21,30,0,0,0.2,217
2018,5,1,22,0,0,0,0.2,219
2018,5,1,22,30,0,0,0.2,222
2018,5,1,23,0,0,0,0.2,225
2018,5,1,23,30,0,0,0.2,225
2018,5,2,0,0,0,0,0.2,226
2018,5,2,0,30,0,0,0.2,224
2018,5,2,1,0,0,0,0.2,222
2018,5,2,1,30,0,0,0.2,221
2018,5,2,2,0,0,0,0.2,220
2018,5,2,2,30,0,0,0.2,217
2018,5,2,3,0,0,0,0.2,215
2018,5,2,3,30,0,0,0.2,212
2018,5,2,4,0,0,3,0.2,210
2018,5,2,4,30,0,0,0.2,207
2018,5,2,5,0,0,0,0.2,204
2018,5,2,5,30,15,3,0.2,202
2018,5,2,6,0,140,3,0.2,201
2018,5,2,6,30,353,7,0.2,200
2018,5,2,7,0,500,7,0.30000000000000004,199
2018,5,2,7,30,592,0,0.30000000000000004,204
2018,5,2,8,0,598,7,0.30000000000000004,209
2018,5,2,8,30,754,0,0.4,216
2018,5,2,9,0,604,7,0.4,222
2018,5,2,9,30,477,7,0.4,223
2018,5,2,10,0,515,7,0.5,224
2018,5,2,10,30,432,7,0.5,223
2018,5,2,11,0,410,7,0.5,222
2018,5,2,11,30,331,7,0.5,222
2018,5,2,12,0,367,7,0.5,221
2018,5,2,12,30,768,0,0.5,221
2018,5,2,13,0,818,0,0.5,221
2018,5,2,13,30,756,0,0.5,220
2018,5,2,14,0,325,3,0.5,219
2018,5,2,14,30,109,3,0.5,217
2018,5,2,15,0,581,0,0.5,215
2018,5,2,15,30,410,3,0.4,212
2018,5,2,16,0,530,0,0.4,209
2018,5,2,16,30,457,0,0.4,208
2018,5,2,17,0,91,4,0.30000000000000004,207
2018,5,2,17,30,8,4,0.30000000000000004,208
2018,5,2,18,0,89,3,0.30000000000000004,208
2018,5,2,18,30,35,3,0.30000000000000004,208
2018,5,2,19,0,9,7,0.2,210
2018,5,2,19,30,0,7,0.2,209
2018,5,2,20,0,0,7,0.2,208
2018,5,2,20,30,0,7,0.2,207
2018,5,2,21,0,0,7,0.2,206
2018,5,2,21,30,0,7,0.2,211
2018,5,2,22,0,0,7,0.2,217
2018,5,2,22,30,0,7,0.30000000000000004,224
2018,5,2,23,0,0,7,0.30000000000000004,232
2018,5,2,23,30,0,6,0.30000000000000004,236
2018,5,3,0,0,0,7,0.30000000000000004,240
2018,5,3,0,30,0,6,0.30000000000000004,239
2018,5,3,1,0,0,6,0.2,239
2018,5,3,1,30,0,6,0.2,237
2018,5,3,2,0,0,7,0.2,235
2018,5,3,2,30,0,7,0.2,234
2018,5,3,3,0,0,7,0.2,233
2018,5,3,3,30,0,7,0.2,231
2018,5,3,4,0,0,7,0.2,229
2018,5,3,4,30,0,7,0.2,227
2018,5,3,5,0,0,7,0.2,225
2018,5,3,5,30,1,3,0.2,222
2018,5,3,6,0,38,3,0.2,220
2018,5,3,6,30,114,3,0.2,220
2018,5,3,7,0,112,3,0.30000000000000004,219
2018,5,3,7,30,382,7,0.30000000000000004,217
2018,5,3,8,0,452,0,0.30000000000000004,215
2018,5,3,8,30,166,3,0.30000000000000004,215
2018,5,3,9,0,468,0,0.30000000000000004,215
2018,5,3,9,30,172,3,0.4,218
2018,5,3,10,0,65,4,0.4,220
2018,5,3,10,30,40,8,0.4,223
2018,5,3,11,0,196,7,0.4,225
2018,5,3,11,30,169,7,0.4,224
2018,5,3,12,0,45,7,0.4,224
2018,5,3,12,30,18,6,0.4,225
2018,5,3,13,0,2,6,0.4,226
2018,5,3,13,30,7,6,0.4,227
2018,5,3,14,0,222,7,0.30000000000000004,229
2018,5,3,14,30,329,7,0.30000000000000004,233
2018,5,3,15,0,314,7,0.30000000000000004,237
2018,5,3,15,30,80,7,0.30000000000000004,241
2018,5,3,16,0,70,7,0.30000000000000004,246
2018,5,3,16,30,6,8,0.30000000000000004,247
2018,5,3,17,0,0,8,0.30000000000000004,248
2018,5,3,17,30,0,4,0.30000000000000004,248
2018,5,3,18,0,0,4,0.2,249
2018,5,3,18,30,0,4,0.2,249
2018,5,3,19,0,5,4,0.1,249
2018,5,3,19,30,5,7,0.1,247
2018,5,3,20,0,0,7,0.1,245
2018,5,3,20,30,0,7,0.1,245
2018,5,3,21,0,0,8,0.1,244
2018,5,3,21,30,0,8,0.1,245
2018,5,3,22,0,0,7,0.1,245
2018,5,3,22,30,0,8,0.1,238
2018,5,3,23,0,0,8,0.1,231
2018,5,3,23,30,0,7,0.1,222
2018,5,4,0,0,0,8,0.1,212
2018,5,4,0,30,0,8,0.1,211
2018,5,4,1,0,0,8,0.1,209
2018,5,4,1,30,0,8,0.1,206
2018,5,4,2,0,0,7,0.1,202
2018,5,4,2,30,0,6,0.2,205
2018,5,4,3,0,0,6,0.2,207
2018,5,4,3,30,0,6,0.2,208
2018,5,4,4,0,0,6,0.2,209
2018,5,4,4,30,0,6,0.30000000000000004,209
2018,5,4,5,0,0,6,0.30000000000000004,208
2018,5,4,5,30,4,7,0.30000000000000004,209
2018,5,4,6,0,0,8,0.4,209
2018,5,4,6,30,0,7,0.4,210
2018,5,4,7,0,0,6,0.4,211
2018,5,4,7,30,28,6,0.4,214
2018,5,4,8,0,50,7,0.5,217
2018,5,4,8,30,2,8,0.5,220
2018,5,4,9,0,71,7,0.5,222
2018,5,4,9,30,148,7,0.5,222
2018,5,4,10,0,418,7,0.5,223
2018,5,4,10,30,327,7,0.6000000000000001,224
2018,5,4,11,0,816,0,0.6000000000000001,226
2018,5,4,11,30,867,0,0.6000000000000001,228
2018,5,4,12,0,831,0,0.6000000000000001,230
2018,5,4,12,30,406,6,0.7000000000000001,233
2018,5,4,13,0,22,6,0.7000000000000001,237
2018,5,4,13,30,117,6,0.6000000000000001,241
2018,5,4,14,0,73,6,0.6000000000000001,245
2018,5,4,14,30,145,7,0.6000000000000001,252
2018,5,4,15,0,63,7,0.5,259
2018,5,4,15,30,0,8,0.5,272
2018,5,4,16,0,49,7,0.5,285
2018,5,4,16,30,11,6,0.5,295
2018,5,4,17,0,1,6,0.4,306
2018,5,4,17,30,25,6,0.4,311
2018,5,4,18,0,2,6,0.30000000000000004,317
2018,5,4,18,30,0,6,0.30000000000000004,317
2018,5,4,19,0,8,6,0.2,329
2018,5,4,19,30,8,6,0.1,337
2018,5,4,20,0,0,6,0.1,345
2018,5,4,20,30,0,6,0.1,351
2018,5,4,21,0,0,7,0.1,358
2018,5,4,21,30,0,7,0.30000000000000004,185
2018,5,4,22,0,0,7,0.5,12
2018,5,4,22,30,0,7,0.6000000000000001,21
2018,5,4,23,0,0,7,0.7000000000000001,31
2018,5,4,23,30,0,7,0.6000000000000001,46
2018,5,5,0,0,0,7,0.5,61
2018,5,5,0,30,0,0,0.4,90
2018,5,5,1,0,0,0,0.4,119
2018,5,5,1,30,0,0,0.5,137
2018,5,5,2,0,0,0,0.5,156
2018,5,5,2,30,0,0,0.6000000000000001,159
2018,5,5,3,0,0,0,0.7000000000000001,162
2018,5,5,3,30,0,7,0.8,162
2018,5,5,4,0,0,0,0.8,162
2018,5,5,4,30,0,7,0.8,160
2018,5,5,5,0,0,7,0.8,159
2018,5,5,5,30,11,4,0.5,160
2018,5,5,6,0,92,4,0.2,162
2018,5,5,6,30,237,3,0.2,169
2018,5,5,7,0,505,7,0.2,176
2018,5,5,7,30,444,7,0.2,175
2018,5,5,8,0,461,7,0.2,173
2018,5,5,8,30,335,7,0.2,173
2018,5,5,9,0,186,7,0.2,173
2018,5,5,9,30,218,7,0.2,173
2018,5,5,10,0,195,7,0.2,174
2018,5,5,10,30,208,7,0.2,172
2018,5,5,11,0,211,7,0.2,170
2018,5,5,11,30,423,7,0.2,164
2018,5,5,12,0,431,7,0.2,158
2018,5,5,12,30,209,8,0.2,158
2018,5,5,13,0,132,8,0.2,157
2018,5,5,13,30,46,6,0.2,158
2018,5,5,14,0,14,6,0.2,158
2018,5,5,14,30,3,6,0.2,156
2018,5,5,15,0,0,6,0.2,154
2018,5,5,15,30,2,6,0.2,152
2018,5,5,16,0,1,6,0.1,150
2018,5,5,16,30,4,6,0.1,150
2018,5,5,17,0,13,8,0.1,150
2018,5,5,17,30,0,6,0.1,150
2018,5,5,18,0,0,7,0.1,150
2018,5,5,18,30,0,6,0.1,150
2018,5,5,19,0,4,6,0.2,149
2018,5,5,19,30,4,6,0.1,153
2018,5,5,20,0,0,6,0.1,158
2018,5,5,20,30,0,6,0.1,156
2018,5,5,21,0,0,6,0.1,154
2018,5,5,21,30,0,6,0.1,151
2018,5,5,22,0,0,6,0.1,149
2018,5,5,22,30,0,6,0.1,142
2018,5,5,23,0,0,6,0.1,135
2018,5,5,23,30,0,6,0.1,130
2018,5,6,0,0,0,7,0.1,126
2018,5,6,0,30,0,8,0.1,119
2018,5,6,1,0,0,8,0.1,112
2018,5,6,1,30,0,8,0.1,105
2018,5,6,2,0,0,8,0.1,98
2018,5,6,2,30,0,6,0.1,94
2018,5,6,3,0,0,6,0.1,90
2018,5,6,3,30,0,6,0.1,83
2018,5,6,4,0,0,7,0.1,77
2018,5,6,4,30,0,8,0.1,71
2018,5,6,5,0,0,8,0.1,66
2018,5,6,5,30,9,4,0.1,62
2018,5,6,6,0,88,4,0.1,58
2018,5,6,6,30,156,4,0.1,57
2018,5,6,7,0,132,7,0.1,56
2018,5,6,7,30,172,7,0.1,52
2018,5,6,8,0,390,7,0.2,48
2018,5,6,8,30,124,4,0.2,44
2018,5,6,9,0,42,4,0.2,40
2018,5,6,9,30,140,4,0.2,39
2018,5,6,10,0,197,7,0.2,38
2018,5,6,10,30,114,7,0.2,38
2018,5,6,11,0,35,8,0.1,38
2018,5,6,11,30,118,8,0.1,38
2018,5,6,12,0,290,7,0.1,38
2018,5,6,12,30,394,7,0.1,36
2018,5,6,13,0,585,7,0.1,34
2018,5,6,13,30,210,6,0.1,32
2018,5,6,14,0,30,6,0.1,30
2018,5,6,14,30,123,6,0.1,33
2018,5,6,15,0,316,7,0.1,36
2018,5,6,15,30,379,7,0.1,41
2018,5,6,16,0,441,0,0.1,45
2018,5,6,16,30,326,7,0.1,42
2018,5,6,17,0,233,7,0.1,39
2018,5,6,17,30,116,7,0.2,49
2018,5,6,18,0,135,3,0.2,59
2018,5,6,18,30,84,4,0.2,59
2018,5,6,19,0,10,4,0.6000000000000001,128
2018,5,6,19,30,1,4,0.7000000000000001,138
2018,5,6,20,0,0,4,0.8,149
2018,5,6,20,30,0,7,0.7000000000000001,156
2018,5,6,21,0,0,7,0.6000000000000001,164
2018,5,6,21,30,0,4,0.5,175
2018,5,6,22,0,0,4,0.30000000000000004,187
2018,5,6,22,30,0,4,0.30000000000000004,202
2018,5,6,23,0,0,4,0.30000000000000004,217
2018,5,6,23,30,0,7,0.30000000000000004,231
2018,5,7,0,0,0,7,0.30000000000000004,246
2018,5,7,0,30,0,7,0.30000000000000004,276
2018,5,7,1,0,0,7,0.4,306
2018,5,7,1,30,0,0,0.30000000000000004,318
2018,5,7,2,0,0,0,0.30000000000000004,330
2018,5,7,2,30,0,4,0.30000000000000004,333
2018,5,7,3,0,0,4,0.30000000000000004,336
2018,5,7,3,30,0,4,0.30000000000000004,343
2018,5,7,4,0,0,0,0.2,350
2018,5,7,4,30,0,0,0.2,351
2018,5,7,5,0,0,0,0.2,352
2018,5,7,5,30,29,0,0.2,354
2018,5,7,6,0,159,0,0.2,355
2018,5,7,6,30,298,0,0.2,182
2018,5,7,7,0,409,0,0.30000000000000004,8
2018,5,7,7,30,496,0,0.30000000000000004,13
2018,5,7,8,0,560,0,0.30000000000000004,19
2018,5,7,8,30,609,0,0.30000000000000004,19
2018,5,7,9,0,644,0,0.30000000000000004,20
2018,5,7,9,30,671,0,0.2,16
2018,5,7,10,0,688,0,0.2,12
2018,5,7,10,30,712,0,0.30000000000000004,185
2018,5,7,11,0,731,0,0.30000000000000004,359
2018,5,7,11,30,727,0,0.30000000000000004,355
2018,5,7,12,0,599,0,0.30000000000000004,351
2018,5,7,12,30,655,0,0.30000000000000004,350
2018,5,7,13,0,556,0,0.30000000000000004,349
2018,5,7,13,30,507,2,0.30000000000000004,349
2018,5,7,14,0,651,0,0.30000000000000004,350
2018,5,7,14,30,416,0,0.30000000000000004,350
2018,5,7,15,0,523,0,0.30000000000000004,351
2018,5,7,15,30,747,0,0.30000000000000004,351
2018,5,7,16,0,654,0,0.30000000000000004,351
2018,5,7,16,30,686,0,0.30000000000000004,350
2018,5,7,17,0,653,0,0.30000000000000004,349
2018,5,7,17,30,584,0,0.2,348
2018,5,7,18,0,491,0,0.2,348
2018,5,7,18,30,354,0,0.2,348
2018,5,7,19,0,168,0,0.2,353
2018,5,7,19,30,9,0,0.2,178
2018,5,7,20,0,0,0,0.2,4
2018,5,7,20,30,0,0,0.2,9
2018,5,7,21,0,0,0,0.2,15
2018,5,7,21,30,0,0,0.1,19
2018,5,7,22,0,0,0,0.1,23
2018,5,7,22,30,0,0,0.1,28
2018,5,7,23,0,0,0,0.1,32
2018,5,7,23,30,0,0,0.1,37
2018,5,8,0,0,0,0,0.1,42
2018,5,8,0,30,0,0,0.1,48
2018,5,8,1,0,0,0,0.1,54
2018,5,8,1,30,0,0,0.1,61
2018,5,8,2,0,0,3,0.1,67
2018,5,8,2,30,0,0,0.1,72
2018,5,8,3,0,0,0,0.1,78
2018,5,8,3,30,0,0,0.2,82
2018,5,8,4,0,0,0,0.30000000000000004,87
2018,5,8,4,30,0,0,0.2,93
2018,5,8,5,0,0,0,0.2,98
2018,5,8,5,30,60,0,0.1,101
2018,5,8,6,0,233,0,0.1,104
2018,5,8,6,30,383,0,0.1,94
2018,5,8,7,0,494,0,0.1,85
2018,5,8,7,30,575,0,0.0,129
2018,5,8,8,0,633,0,0.0,173
2018,5,8,8,30,683,0,0.1,207
2018,5,8,9,0,720,0,0.1,241
2018,5,8,9,30,783,0,0.1,246
2018,5,8,10,0,846,0,0.1,251
2018,5,8,10,30,856,0,0.1,253
2018,5,8,11,0,860,0,0.1,255
2018,5,8,11,30,866,0,0.1,255
2018,5,8,12,0,869,0,0.1,255
2018,5,8,12,30,868,0,0.1,257
2018,5,8,13,0,827,0,0.1,260
2018,5,8,13,30,723,0,0.1,264
2018,5,8,14,0,760,0,0.1,269
2018,5,8,14,30,620,0,0.1,274
2018,5,8,15,0,635,0,0.1,279
2018,5,8,15,30,523,0,0.1,283
2018,5,8,16,0,376,3,0.1,286
2018,5,8,16,30,481,0,0.1,283
2018,5,8,17,0,533,0,0.2,280
2018,5,8,17,30,513,0,0.30000000000000004,287
2018,5,8,18,0,420,0,0.4,293
2018,5,8,18,30,290,0,0.4,293
2018,5,8,19,0,134,0,0.5,333
2018,5,8,19,30,12,0,0.6000000000000001,178
2018,5,8,20,0,0,0,0.6000000000000001,24
2018,5,8,20,30,0,0,0.7000000000000001,41
2018,5,8,21,0,0,0,0.8,58
2018,5,8,21,30,0,0,0.8,70
2018,5,8,22,0,0,0,0.9,82
2018,5,8,22,30,0,0,0.9,94
2018,5,8,23,0,0,0,0.9,105
2018,5,8,23,30,0,0,0.9,117
2018,5,9,0,0,0,0,0.9,128
2018,5,9,0,30,0,0,0.8,136
2018,5,9,1,0,0,0,0.6000000000000001,144
2018,5,9,1,30,0,0,0.5,152
2018,5,9,2,0,0,0,0.4,159
2018,5,9,2,30,0,0,0.2,163
2018,5,9,3,0,0,0,0.1,167
2018,5,9,3,30,0,0,0.1,168
2018,5,9,4,0,0,0,0.1,170
2018,5,9,4,30,0,0,0.1,171
2018,5,9,5,0,0,0,0.1,173
2018,5,9,5,30,77,0,0.2,176
2018,5,9,6,0,272,0,0.2,178
2018,5,9,6,30,432,0,0.2,179
2018,5,9,7,0,550,0,0.30000000000000004,181
2018,5,9,7,30,634,0,0.30000000000000004,177
2018,5,9,8,0,697,0,0.30000000000000004,173
2018,5,9,8,30,746,0,0.30000000000000004,172
2018,5,9,9,0,785,0,0.30000000000000004,170
2018,5,9,9,30,817,0,0.30000000000000004,171
2018,5,9,10,0,842,0,0.4,173
2018,5,9,10,30,859,0,0.4,175
2018,5,9,11,0,871,0,0.4,178
2018,5,9,11,30,560,0,0.4,179
2018,5,9,12,0,534,2,0.4,179
2018,5,9,12,30,396,3,0.4,180
2018,5,9,13,0,213,3,0.4,181
2018,5,9,13,30,331,3,0.4,183
2018,5,9,14,0,470,3,0.4,184
2018,5,9,14,30,455,7,0.4,184
2018,5,9,15,0,400,7,0.4,185
2018,5,9,15,30,380,7,0.4,183
2018,5,9,16,0,387,7,0.4,181
2018,5,9,16,30,328,4,0.4,179
2018,5,9,17,0,469,7,0.30000000000000004,176
2018,5,9,17,30,181,3,0.30000000000000004,175
2018,5,9,18,0,0,4,0.30000000000000004,174
2018,5,9,18,30,39,4,0.30000000000000004,174
2018,5,9,19,0,165,0,0.2,174
2018,5,9,19,30,16,3,0.2,176
2018,5,9,20,0,0,3,0.30000000000000004,178
2018,5,9,20,30,0,4,0.30000000000000004,183
2018,5,9,21,0,0,4,0.30000000000000004,188
2018,5,9,21,30,0,4,0.30000000000000004,191
2018,5,9,22,0,0,4,0.30000000000000004,194
2018,5,9,22,30,0,4,0.30000000000000004,198
2018,5,9,23,0,0,4,0.4,201
2018,5,9,23,30,0,4,0.4,203
2018,5,10,0,0,0,4,0.4,204
2018,5,10,0,30,0,4,0.4,200
2018,5,10,1,0,0,4,0.30000000000000004,196
2018,5,10,1,30,0,4,0.30000000000000004,195
2018,5,10,2,0,0,6,0.30000000000000004,193
2018,5,10,2,30,0,6,0.30000000000000004,196
2018,5,10,3,0,0,6,0.4,198
2018,5,10,3,30,0,6,0.4,212
2018,5,10,4,0,0,6,0.5,225
2018,5,10,4,30,0,6,0.4,230
2018,5,10,5,0,0,6,0.30000000000000004,235
2018,5,10,5,30,13,6,0.30000000000000004,236
2018,5,10,6,0,49,4,0.2,237
2018,5,10,6,30,82,4,0.30000000000000004,242
2018,5,10,7,0,343,0,0.30000000000000004,247
2018,5,10,7,30,144,7,0.30000000000000004,253
2018,5,10,8,0,112,4,0.30000000000000004,259
2018,5,10,8,30,105,7,0.4,264
2018,5,10,9,0,440,0,0.4,269
2018,5,10,9,30,514,0,0.4,272
2018,5,10,10,0,170,3,0.5,275
2018,5,10,10,30,137,3,0.5,278
2018,5,10,11,0,348,3,0.5,282
2018,5,10,11,30,702,0,0.5,284
2018,5,10,12,0,792,0,0.5,286
2018,5,10,12,30,619,0,0.5,287
2018,5,10,13,0,414,2,0.5,287
2018,5,10,13,30,533,0,0.5,288
2018,5,10,14,0,810,0,0.5,288
2018,5,10,14,30,420,3,0.4,288
2018,5,10,15,0,54,3,0.4,288
2018,5,10,15,30,232,3,0.4,290
2018,5,10,16,0,297,3,0.4,291
2018,5,10,16,30,573,0,0.30000000000000004,294
2018,5,10,17,0,416,0,0.30000000000000004,297
2018,5,10,17,30,452,0,0.2,302
2018,5,10,18,0,537,0,0.2,306
2018,5,10,18,30,402,0,0.2,306
2018,5,10,19,0,203,0,0.1,320
2018,5,10,19,30,19,0,0.1,325
2018,5,10,20,0,0,0,0.1,329
2018,5,10,20,30,0,0,0.1,335
2018,5,10,21,0,0,0,0.1,341
2018,5,10,21,30,0,0,0.2,348
2018,5,10,22,0,0,0,0.2,355
2018,5,10,22,30,0,0,0.2,182
2018,5,10,23,0,0,0,0.2,9
2018,5,10,23,30,0,0,0.2,13
2018,5,11,0,0,0,0,0.2,17
2018,5,11,0,30,0,0,0.2,18
2018,5,11,1,0,0,0,0.2,19
2018,5,11,1,30,0,0,0.2,21
2018,5,11,2,0,0,0,0.2,24
2018,5,11,2,30,0,0,0.2,25
2018,5,11,3,0,0,0,0.2,26
2018,5,11,3,30,0,0,0.2,26
2018,5,11,4,0,0,0,0.2,26
2018,5,11,4,30,0,4,0.2,29
2018,5,11,5,0,0,4,0.1,32
2018,5,11,5,30,0,4,0.2,32
2018,5,11,6,0,0,4,0.2,32
2018,5,11,6,30,0,4,0.2,29
2018,5,11,7,0,0,4,0.2,26
2018,5,11,7,30,0,4,0.2,30
2018,5,11,8,0,8,4,0.2,34
2018,5,11,8,30,5,4,0.2,38
2018,5,11,9,0,2,4,0.2,42
2018,5,11,9,30,2,4,0.2,45
2018,5,11,10,0,1,3,0.2,47
2018,5,11,10,30,9,4,0.2,54
2018,5,11,11,0,22,4,0.2,60
2018,5,11,11,30,138,4,0.2,65
2018,5,11,12,0,60,4,0.2,71
2018,5,11,12,30,192,3,0.2,72
2018,5,11,13,0,150,3,0.2,73
2018,5,11,13,30,491,0,0.2,77
2018,5,11,14,0,122,3,0.2,81
2018,5,11,14,30,127,7,0.2,91
2018,5,11,15,0,485,7,0.2,100
2018,5,11,15,30,99,3,0.1,100
2018,5,11,16,0,49,7,0.1,100
2018,5,11,16,30,206,7,0.1,84
2018,5,11,17,0,436,7,0.1,67
2018,5,11,17,30,292,7,0.1,65
2018,5,11,18,0,193,3,0.2,63
2018,5,11,18,30,147,3,0.2,63
2018,5,11,19,0,51,3,0.2,63
2018,5,11,19,30,3,7,0.2,68
2018,5,11,20,0,0,7,0.2,74
2018,5,11,20,30,0,7,0.2,89
2018,5,11,21,0,0,7,0.2,104
2018,5,11,21,30,0,7,0.2,117
2018,5,11,22,0,0,7,0.2,130
2018,5,11,22,30,0,7,0.2,144
2018,5,11,23,0,0,7,0.1,157
2018,5,11,23,30,0,7,0.1,172
2018,5,12,0,0,0,7,0.1,188
2018,5,12,0,30,0,7,0.1,207
2018,5,12,1,0,0,0,0.1,226
2018,5,12,1,30,0,7,0.1,240
2018,5,12,2,0,0,7,0.2,254
2018,5,12,2,30,0,7,0.2,261
2018,5,12,3,0,0,7,0.2,267
2018,5,12,3,30,0,0,0.2,269
2018,5,12,4,0,0,0,0.2,271
2018,5,12,4,30,0,0,0.2,276
2018,5,12,5,0,0,0,0.2,281
2018,5,12,5,30,5,4,0.2,286
2018,5,12,6,0,40,3,0.1,292
2018,5,12,6,30,156,3,0.1,286
2018,5,12,7,0,393,0,0.1,280
2018,5,12,7,30,488,0,0.2,273
2018,5,12,8,0,573,0,0.2,267
2018,5,12,8,30,623,0,0.2,269
2018,5,12,9,0,663,0,0.2,272
2018,5,12,9,30,702,0,0.2,279
2018,5,12,10,0,736,0,0.2,286
2018,5,12,10,30,709,0,0.2,291
2018,5,12,11,0,433,0,0.30000000000000004,296
2018,5,12,11,30,175,3,0.30000000000000004,296
2018,5,12,12,0,72,7,0.30000000000000004,297
2018,5,12,12,30,90,7,0.30000000000000004,301
2018,5,12,13,0,142,7,0.30000000000000004,306
2018,5,12,13,30,248,7,0.30000000000000004,317
2018,5,12,14,0,241,7,0.30000000000000004,328
2018,5,12,14,30,83,4,0.30000000000000004,337
2018,5,12,15,0,20,6,0.4,346
2018,5,12,15,30,8,8,0.4,348
2018,5,12,16,0,24,6,0.5,350
2018,5,12,16,30,0,8,0.4,176
2018,5,12,17,0,0,8,0.4,2
2018,5,12,17,30,26,7,0.30000000000000004,14
2018,5,12,18,0,16,7,0.2,26
2018,5,12,18,30,0,7,0.2,26
2018,5,12,19,0,0,7,0.1,24
2018,5,12,19,30,1,7,0.2,17
2018,5,12,20,0,0,7,0.2,11
2018,5,12,20,30,0,7,0.2,14
2018,5,12,21,0,0,8,0.2,16
2018,5,12,21,30,0,7,0.2,25
2018,5,12,22,0,0,9,0.1,34
2018,5,12,22,30,0,6,0.1,44
2018,5,12,23,0,0,6,0.1,53
2018,5,12,23,30,0,6,0.1,42
2018,5,13,0,0,0,7,0.1,31
2018,5,13,0,30,0,7,0.1,192
2018,5,13,1,0,0,7,0.1,352
2018,5,13,1,30,0,7,0.1,189
2018,5,13,2,0,0,7,0.1,25
2018,5,13,2,30,0,7,0.1,46
2018,5,13,3,0,0,6,0.1,67
2018,5,13,3,30,0,6,0.1,79
2018,5,13,4,0,0,8,0.1,90
2018,5,13,4,30,0,3,0.1,101
2018,5,13,5,0,0,6,0.1,112
2018,5,13,5,30,9,6,0.1,117
2018,5,13,6,0,37,6,0.2,122
2018,5,13,6,30,77,6,0.2,136
2018,5,13,7,0,46,4,0.2,149
2018,5,13,7,30,2,4,0.2,158
2018,5,13,8,0,0,7,0.1,167
2018,5,13,8,30,0,7,0.1,178
2018,5,13,9,0,4,6,0.1,189
2018,5,13,9,30,16,7,0.2,197
2018,5,13,10,0,175,7,0.2,205
2018,5,13,10,30,280,7,0.2,215
2018,5,13,11,0,147,3,0.30000000000000004,226
2018,5,13,11,30,155,3,0.30000000000000004,236
2018,5,13,12,0,272,7,0.30000000000000004,246
2018,5,13,12,30,133,4,0.30000000000000004,256
2018,5,13,13,0,24,7,0.4,266
2018,5,13,13,30,122,4,0.4,276
2018,5,13,14,0,308,7,0.30000000000000004,285
2018,5,13,14,30,170,7,0.30000000000000004,295
2018,5,13,15,0,258,3,0.30000000000000004,305
2018,5,13,15,30,457,7,0.30000000000000004,313
2018,5,13,16,0,433,7,0.30000000000000004,320
2018,5,13,16,30,372,7,0.30000000000000004,324
2018,5,13,17,0,168,3,0.30000000000000004,327
2018,5,13,17,30,172,7,0.30000000000000004,330
2018,5,13,18,0,43,7,0.2,334
2018,5,13,18,30,2,7,0.2,334
2018,5,13,19,0,0,7,0.1,341
2018,5,13,19,30,1,7,0.1,346
2018,5,13,20,0,0,7,0.1,352
2018,5,13,20,30,0,7,0.1,181
2018,5,13,21,0,0,7,0.1,10
2018,5,13,21,30,0,7,0.2,30
2018,5,13,22,0,0,7,0.30000000000000004,51
2018,5,13,22,30,0,7,0.30000000000000004,71
2018,5,13,23,0,0,7,0.30000000000000004,92
2018,5,13,23,30,0,7,0.30000000000000004,173
2018,5,14,0,0,0,7,0.30000000000000004,254
2018,5,14,0,30,0,3,0.2,260
2018,5,14,1,0,0,7,0.1,267
2018,5,14,1,30,0,3,0.1,270
2018,5,14,2,0,0,4,0.1,273
2018,5,14,2,30,0,4,0.1,275
2018,5,14,3,0,0,7,0.1,277
2018,5,14,3,30,0,0,0.2,286
2018,5,14,4,0,0,0,0.30000000000000004,295
2018,5,14,4,30,0,0,0.2,285
2018,5,14,5,0,0,0,0.2,275
2018,5,14,5,30,26,0,0.1,262
2018,5,14,6,0,118,0,0.1,248
2018,5,14,6,30,217,0,0.1,243
2018,5,14,7,0,300,0,0.1,238
2018,5,14,7,30,373,0,0.1,237
2018,5,14,8,0,430,0,0.1,235
2018,5,14,8,30,492,0,0.1,233
2018,5,14,9,0,454,0,0.1,231
2018,5,14,9,30,275,7,0.1,220
2018,5,14,10,0,146,4,0.1,208
2018,5,14,10,30,9,8,0.1,190
2018,5,14,11,0,150,7,0.2,171
2018,5,14,11,30,46,8,0.2,192
2018,5,14,12,0,13,8,0.2,213
2018,5,14,12,30,1,8,0.2,230
2018,5,14,13,0,1,6,0.30000000000000004,246
2018,5,14,13,30,1,6,0.2,244
2018,5,14,14,0,5,9,0.2,241
2018,5,14,14,30,0,9,0.1,240
2018,5,14,15,0,0,9,0.1,238
2018,5,14,15,30,0,6,0.1,247
2018,5,14,16,0,1,6,0.1,255
2018,5,14,16,30,19,6,0.1,244
2018,5,14,17,0,13,6,0.1,233
2018,5,14,17,30,12,6,0.1,217
2018,5,14,18,0,114,7,0.1,200
2018,5,14,18,30,171,0,0.1,200
2018,5,14,19,0,135,0,0.1,198
2018,5,14,19,30,16,0,0.1,197
2018,5,14,20,0,0,0,0.1,196
2018,5,14,20,30,0,0,0.1,196
2018,5,14,21,0,0,0,0.1,196
2018,5,14,21,30,0,0,0.1,197
2018,5,14,22,0,0,3,0.1,198
2018,5,14,22,30,0,0,0.1,197
2018,5,14,23,0,0,0,0.1,195
2018,5,14,23,30,0,0,0.1,193
2018,5,15,0,0,0,0,0.1,191
2018,5,15,0,30,0,0,0.1,187
2018,5,15,1,0,0,0,0.1,182
2018,5,15,1,30,0,0,0.1,186
2018,5,15,2,0,0,7,0.1,189
2018,5,15,2,30,0,0,0.1,195
2018,5,15,3,0,0,0,0.1,201
2018,5,15,3,30,0,7,0.1,206
2018,5,15,4,0,0,7,0.1,211
2018,5,15,4,30,0,3,0.1,215
2018,5,15,5,0,0,0,0.1,220
2018,5,15,5,30,55,7,0.2,216
2018,5,15,6,0,218,0,0.2,213
2018,5,15,6,30,304,3,0.2,215
2018,5,15,7,0,271,3,0.2,217
2018,5,15,7,30,462,0,0.30000000000000004,225
2018,5,15,8,0,692,0,0.30000000000000004,233
2018,5,15,8,30,393,4,0.30000000000000004,244
2018,5,15,9,0,326,7,0.4,256
2018,5,15,9,30,115,4,0.4,264
2018,5,15,10,0,3,8,0.4,273
2018,5,15,10,30,126,8,0.4,281
2018,5,15,11,0,663,0,0.4,288
2018,5,15,11,30,485,4,0.4,297
2018,5,15,12,0,626,0,0.5,305
2018,5,15,12,30,672,0,0.4,313
2018,5,15,13,0,767,0,0.4,320
2018,5,15,13,30,458,3,0.4,325
2018,5,15,14,0,247,3,0.4,331
2018,5,15,14,30,407,7,0.30000000000000004,334
2018,5,15,15,0,250,7,0.30000000000000004,338
2018,5,15,15,30,240,4,0.30000000000000004,343
2018,5,15,16,0,279,7,0.30000000000000004,347
2018,5,15,16,30,57,7,0.2,351
2018,5,15,17,0,81,8,0.2,354
2018,5,15,17,30,305,7,0.2,356
2018,5,15,18,0,51,4,0.2,358
2018,5,15,18,30,181,8,0.2,358
2018,5,15,19,0,70,4,0.1,4
2018,5,15,19,30,12,8,0.1,8
2018,5,15,20,0,0,8,0.2,12
2018,5,15,20,30,0,7,0.2,15
2018,5,15,21,0,0,7,0.2,18
2018,5,15,21,30,0,7,0.2,20
2018,5,15,22,0,0,7,0.2,21
2018,5,15,22,30,0,7,0.2,22
2018,5,15,23,0,0,7,0.2,22
2018,5,15,23,30,0,7,0.2,24
2018,5,16,0,0,0,7,0.2,25
2018,5,16,0,30,0,7,0.2,27
2018,5,16,1,0,0,7,0.2,28
2018,5,16,1,30,0,7,0.1,32
2018,5,16,2,0,0,7,0.1,35
2018,5,16,2,30,0,7,0.1,39
2018,5,16,3,0,0,7,0.1,43
2018,5,16,3,30,0,7,0.1,46
2018,5,16,4,0,0,7,0.1,48
2018,5,16,4,30,0,7,0.1,48
2018,5,16,5,0,0,7,0.1,48
2018,5,16,5,30,0,7,0.1,47
2018,5,16,6,0,0,7,0.2,47
2018,5,16,6,30,0,7,0.2,43
2018,5,16,7,0,14,7,0.1,39
2018,5,16,7,30,4,7,0.1,38
2018,5,16,8,0,8,7,0.1,37
2018,5,16,8,30,8,7,0.1,32
2018,5,16,9,0,43,7,0.1,27
2018,5,16,9,30,101,4,0.1,18
2018,5,16,10,0,16,4,0.1,8
2018,5,16,10,30,8,8,0.1,8
2018,5,16,11,0,14,7,0.1,7
2018,5,16,11,30,10,7,0.1,10
2018,5,16,12,0,7,7,0.1,12
2018,5,16,12,30,5,7,0.1,18
2018,5,16,13,0,10,7,0.1,24
2018,5,16,13,30,14,6,0.1,36
2018,5,16,14,0,30,6,0.1,47
2018,5,16,14,30,34,6,0.1,65
2018,5,16,15,0,39,6,0.1,82
2018,5,16,15,30,18,6,0.1,101
2018,5,16,16,0,13,6,0.1,120
2018,5,16,16,30,5,6,0.1,117
2018,5,16,17,0,15,6,0.1,114
2018,5,16,17,30,8,6,0.2,99
2018,5,16,18,0,1,7,0.2,85
2018,5,16,18,30,0,7,0.2,85
2018,5,16,19,0,0,7,0.5,66
2018,5,16,19,30,2,7,0.4,64
2018,5,16,20,0,0,7,0.4,62
2018,5,16,20,30,0,7,0.4,65
2018,5,16,21,0,0,7,0.30000000000000004,68
2018,5,16,21,30,0,8,0.30000000000000004,75
2018,5,16,22,0,0,8,0.30000000000000004,81
2018,5,16,22,30,0,7,0.30000000000000004,88
2018,5,16,23,0,0,7,0.30000000000000004,94
2018,5,16,23,30,0,7,0.30000000000000004,97
2018,5,17,0,0,0,7,0.30000000000000004,100
2018,5,17,0,30,0,7,0.4,95
2018,5,17,1,0,0,7,0.4,90
2018,5,17,1,30,0,7,0.4,85
2018,5,17,2,0,0,7,0.4,80
2018,5,17,2,30,0,7,0.4,68
2018,5,17,3,0,0,7,0.4,56
2018,5,17,3,30,0,7,0.4,46
2018,5,17,4,0,0,7,0.4,37
2018,5,17,4,30,0,7,0.30000000000000004,35
2018,5,17,5,0,0,0,0.2,33
2018,5,17,5,30,33,3,0.2,34
2018,5,17,6,0,174,3,0.2,34
2018,5,17,6,30,286,0,0.2,33
2018,5,17,7,0,411,0,0.2,32
2018,5,17,7,30,280,3,0.2,36
2018,5,17,8,0,108,4,0.30000000000000004,40
2018,5,17,8,30,90,4,0.30000000000000004,46
2018,5,17,9,0,139,4,0.30000000000000004,51
2018,5,17,9,30,231,7,0.30000000000000004,54
2018,5,17,10,0,326,7,0.30000000000000004,57
2018,5,17,10,30,366,7,0.30000000000000004,59
2018,5,17,11,0,296,3,0.30000000000000004,61
2018,5,17,11,30,289,3,0.30000000000000004,63
2018,5,17,12,0,233,3,0.30000000000000004,64
2018,5,17,12,30,259,3,0.30000000000000004,65
2018,5,17,13,0,467,2,0.30000000000000004,67
2018,5,17,13,30,496,2,0.30000000000000004,67
2018,5,17,14,0,403,3,0.30000000000000004,68
2018,5,17,14,30,462,7,0.30000000000000004,69
2018,5,17,15,0,477,7,0.30000000000000004,69
2018,5,17,15,30,514,7,0.30000000000000004,68
2018,5,17,16,0,400,7,0.30000000000000004,68
2018,5,17,16,30,401,7,0.2,64
2018,5,17,17,0,431,7,0.2,60
2018,5,17,17,30,437,7,0.2,51
2018,5,17,18,0,431,7,0.1,42
2018,5,17,18,30,319,7,0.1,42
2018,5,17,19,0,147,7,0.2,58
2018,5,17,19,30,29,7,0.2,54
2018,5,17,20,0,0,7,0.30000000000000004,51
2018,5,17,20,30,0,7,0.2,47
2018,5,17,21,0,0,7,0.2,43
2018,5,17,21,30,0,7,0.2,46
2018,5,17,22,0,0,7,0.2,48
2018,5,17,22,30,0,7,0.2,56
2018,5,17,23,0,0,7,0.2,64
2018,5,17,23,30,0,7,0.2,59
2018,5,18,0,0,0,7,0.2,55
2018,5,18,0,30,0,7,0.2,55
2018,5,18,1,0,0,7,0.2,56
2018,5,18,1,30,0,7,0.2,58
2018,5,18,2,0,0,7,0.2,60
2018,5,18,2,30,0,7,0.1,61
2018,5,18,3,0,0,7,0.1,63
2018,5,18,3,30,0,7,0.1,64
2018,5,18,4,0,0,7,0.1,66
2018,5,18,4,30,0,7,0.1,67
2018,5,18,5,0,0,7,0.1,69
2018,5,18,5,30,0,7,0.2,68
2018,5,18,6,0,0,7,0.2,67
2018,5,18,6,30,0,4,0.30000000000000004,70
2018,5,18,7,0,8,4,0.30000000000000004,73
2018,5,18,7,30,27,4,0.30000000000000004,79
2018,5,18,8,0,12,7,0.4,85
2018,5,18,8,30,41,7,0.4,87
2018,5,18,9,0,77,7,0.4,89
2018,5,18,9,30,25,7,0.4,90
2018,5,18,10,0,12,7,0.4,91
2018,5,18,10,30,6,7,0.4,92
2018,5,18,11,0,8,7,0.4,93
2018,5,18,11,30,19,8,0.4,94
2018,5,18,12,0,107,8,0.4,96
2018,5,18,12,30,143,8,0.4,97
2018,5,18,13,0,106,7,0.4,99
2018,5,18,13,30,59,8,0.4,99
2018,5,18,14,0,110,7,0.4,99
2018,5,18,14,30,59,7,0.4,96
2018,5,18,15,0,46,7,0.4,94
2018,5,18,15,30,8,7,0.4,93
2018,5,18,16,0,15,7,0.4,92
2018,5,18,16,30,26,7,0.4,93
2018,5,18,17,0,11,7,0.4,95
2018,5,18,17,30,5,7,0.4,97
2018,5,18,18,0,0,7,0.4,99
2018,5,18,18,30,0,6,0.4,99
2018,5,18,19,0,0,7,0.4,100
2018,5,18,19,30,0,7,0.30000000000000004,102
2018,5,18,20,0,0,7,0.30000000000000004,104
2018,5,18,20,30,0,6,0.30000000000000004,107
2018,5,18,21,0,0,6,0.4,111
2018,5,18,21,30,0,6,0.4,114
2018,5,18,22,0,0,7,0.30000000000000004,118
2018,5,18,22,30,0,7,0.30000000000000004,119
2018,5,18,23,0,0,7,0.30000000000000004,120
2018,5,18,23,30,0,6,0.30000000000000004,121
2018,5,19,0,0,0,6,0.30000000000000004,122
2018,5,19,0,30,0,6,0.30000000000000004,124
2018,5,19,1,0,0,6,0.30000000000000004,127
2018,5,19,1,30,0,7,0.30000000000000004,127
2018,5,19,2,0,0,7,0.30000000000000004,127
2018,5,19,2,30,0,7,0.30000000000000004,127
2018,5,19,3,0,0,7,0.30000000000000004,126
2018,5,19,3,30,0,7,0.30000000000000004,126
2018,5,19,4,0,0,8,0.30000000000000004,127
2018,5,19,4,30,0,7,0.30000000000000004,127
2018,5,19,5,0,7,7,0.30000000000000004,127
2018,5,19,5,30,7,4,0.30000000000000004,130
2018,5,19,6,0,13,4,0.30000000000000004,132
2018,5,19,6,30,32,4,0.30000000000000004,138
2018,5,19,7,0,103,8,0.4,144
2018,5,19,7,30,45,4,0.4,151
2018,5,19,8,0,14,8,0.4,158
2018,5,19,8,30,0,4,0.4,163
2018,5,19,9,0,0,4,0.4,168
2018,5,19,9,30,80,4,0.4,171
2018,5,19,10,0,91,3,0.4,174
2018,5,19,10,30,553,0,0.4,176
2018,5,19,11,0,224,3,0.4,178
2018,5,19,11,30,575,0,0.4,182
2018,5,19,12,0,582,0,0.4,185
2018,5,19,12,30,225,7,0.4,188
2018,5,19,13,0,28,7,0.4,191
2018,5,19,13,30,382,3,0.4,192
2018,5,19,14,0,438,3,0.4,194
2018,5,19,14,30,157,8,0.30000000000000004,194
2018,5,19,15,0,6,8,0.30000000000000004,195
2018,5,19,15,30,110,8,0.30000000000000004,194
2018,5,19,16,0,185,8,0.30000000000000004,194
2018,5,19,16,30,532,0,0.30000000000000004,194
2018,5,19,17,0,295,4,0.30000000000000004,194
2018,5,19,17,30,366,0,0.2,196
2018,5,19,18,0,251,3,0.2,197
2018,5,19,18,30,270,0,0.2,197
2018,5,19,19,0,126,0,0.1,198
2018,5,19,19,30,20,0,0.1,200
2018,5,19,20,0,0,3,0.1,201
2018,5,19,20,30,0,0,0.2,206
2018,5,19,21,0,0,4,0.2,212
2018,5,19,21,30,0,4,0.2,219
2018,5,19,22,0,0,3,0.2,226
2018,5,19,22,30,0,4,0.2,231
2018,5,19,23,0,0,4,0.2,237
2018,5,19,23,30,0,4,0.2,241
2018,5,20,0,0,0,4,0.2,245
2018,5,20,0,30,0,4,0.2,250
2018,5,20,1,0,0,3,0.2,255
2018,5,20,1,30,0,0,0.2,264
2018,5,20,2,0,0,3,0.2,274
2018,5,20,2,30,0,3,0.2,282
2018,5,20,3,0,0,3,0.2,290
2018,5,20,3,30,0,3,0.2,296
2018,5,20,4,0,0,7,0.2,302
2018,5,20,4,30,0,3,0.2,306
2018,5,20,5,0,3,0,0.2,311
2018,5,20,5,30,25,3,0.2,312
2018,5,20,6,0,195,7,0.2,313
2018,5,20,6,30,219,7,0.2,313
2018,5,20,7,0,251,3,0.2,313
2018,5,20,7,30,241,7,0.2,313
2018,5,20,8,0,93,3,0.30000000000000004,313
2018,5,20,8,30,11,3,0.30000000000000004,316
2018,5,20,9,0,34,3,0.30000000000000004,318
2018,5,20,9,30,75,7,0.30000000000000004,323
2018,5,20,10,0,55,7,0.2,327
2018,5,20,10,30,77,7,0.2,329
2018,5,20,11,0,98,7,0.2,331
2018,5,20,11,30,56,7,0.2,330
2018,5,20,12,0,15,3,0.2,329
2018,5,20,12,30,25,7,0.30000000000000004,332
2018,5,20,13,0,27,7,0.30000000000000004,334
2018,5,20,13,30,44,7,0.30000000000000004,335
2018,5,20,14,0,61,7,0.30000000000000004,337
2018,5,20,14,30,215,7,0.2,337
2018,5,20,15,0,236,7,0.2,336
2018,5,20,15,30,284,3,0.2,337
2018,5,20,16,0,148,3,0.2,337
2018,5,20,16,30,509,0,0.2,340
2018,5,20,17,0,608,0,0.2,342
2018,5,20,17,30,450,0,0.2,345
2018,5,20,18,0,464,0,0.2,348
2018,5,20,18,30,280,0,0.2,348
2018,5,20,19,0,53,3,0.2,355
2018,5,20,19,30,5,4,0.2,179
2018,5,20,20,0,0,4,0.2,3
2018,5,20,20,30,0,3,0.1,9
2018,5,20,21,0,0,3,0.1,14
2018,5,20,21,30,0,0,0.1,19
2018,5,20,22,0,0,0,0.1,25
2018,5,20,22,30,0,0,0.1,27
2018,5,20,23,0,0,0,0.1,29
2018,5,20,23,30,0,7,0.1,28
2018,5,21,0,0,0,7,0.1,27
2018,5,21,0,30,0,7,0.1,26
2018,5,21,1,0,0,7,0.1,26
2018,5,21,1,30,0,3,0.1,27
2018,5,21,2,0,0,0,0.1,28
2018,5,21,2,30,0,3,0.1,32
2018,5,21,3,0,0,7,0.1,35
2018,5,21,3,30,0,7,0.1,40
2018,5,21,4,0,0,7,0.1,44
2018,5,21,4,30,0,7,0.1,50
2018,5,21,5,0,4,7,0.1,55
2018,5,21,5,30,53,7,0.1,60
2018,5,21,6,0,237,7,0.2,64
2018,5,21,6,30,359,7,0.2,71
2018,5,21,7,0,196,3,0.2,78
2018,5,21,7,30,453,7,0.2,85
2018,5,21,8,0,320,7,0.2,92
2018,5,21,8,30,400,4,0.2,97
2018,5,21,9,0,618,0,0.2,102
2018,5,21,9,30,720,0,0.2,105
2018,5,21,10,0,754,0,0.2,108
2018,5,21,10,30,792,0,0.2,110
2018,5,21,11,0,804,0,0.2,112
2018,5,21,11,30,812,0,0.2,113
2018,5,21,12,0,817,0,0.1,115
2018,5,21,12,30,834,0,0.1,118
2018,5,21,13,0,809,0,0.1,121
2018,5,21,13,30,484,3,0.1,131
2018,5,21,14,0,734,0,0.1,142
2018,5,21,14,30,613,7,0.1,162
2018,5,21,15,0,454,7,0.1,182
2018,5,21,15,30,433,7,0.1,199
2018,5,21,16,0,372,7,0.1,215
2018,5,21,16,30,480,7,0.1,226
2018,5,21,17,0,480,7,0.1,237
2018,5,21,17,30,380,7,0.2,247
2018,5,21,18,0,333,7,0.2,256
2018,5,21,18,30,253,7,0.2,256
2018,5,21,19,0,141,7,0.5,257
2018,5,21,19,30,26,7,0.5,251
2018,5,21,20,0,0,7,0.5,246
2018,5,21,20,30,0,7,0.5,246
2018,5,21,21,0,0,9,0.5,247
2018,5,21,21,30,0,9,0.4,243
2018,5,21,22,0,0,9,0.4,239
2018,5,21,22,30,0,9,0.5,226
2018,5,21,23,0,0,6,0.5,214
2018,5,21,23,30,0,8,0.4,204
2018,5,22,0,0,0,8,0.4,193
2018,5,22,0,30,0,6,0.30000000000000004,193
2018,5,22,1,0,0,6,0.2,192
2018,5,22,1,30,0,8,0.2,192
2018,5,22,2,0,0,6,0.2,191
2018,5,22,2,30,0,6,0.2,191
2018,5,22,3,0,0,6,0.2,192
2018,5,22,3,30,0,6,0.2,188
2018,5,22,4,0,0,6,0.1,183
2018,5,22,4,30,0,6,0.1,180
2018,5,22,5,0,5,7,0.1,177
2018,5,22,5,30,5,7,0.1,178
2018,5,22,6,0,0,7,0.1,179
2018,5,22,6,30,8,7,0.2,183
2018,5,22,7,0,118,7,0.2,188
2018,5,22,7,30,76,7,0.2,202
2018,5,22,8,0,27,3,0.2,217
2018,5,22,8,30,17,3,0.2,230
2018,5,22,9,0,12,3,0.2,243
2018,5,22,9,30,16,3,0.2,251
2018,5,22,10,0,13,3,0.2,259
2018,5,22,10,30,11,3,0.2,261
2018,5,22,11,0,227,3,0.30000000000000004,262
2018,5,22,11,30,346,3,0.30000000000000004,259
2018,5,22,12,0,334,3,0.30000000000000004,256
2018,5,22,12,30,440,3,0.30000000000000004,253
2018,5,22,13,0,325,3,0.30000000000000004,251
2018,5,22,13,30,335,3,0.30000000000000004,249
2018,5,22,14,0,387,7,0.30000000000000004,248
2018,5,22,14,30,753,0,0.30000000000000004,245
2018,5,22,15,0,471,0,0.30000000000000004,243
2018,5,22,15,30,383,7,0.30000000000000004,239
2018,5,22,16,0,166,7,0.30000000000000004,235
2018,5,22,16,30,132,3,0.2,231
2018,5,22,17,0,3,6,0.2,227
2018,5,22,17,30,60,9,0.2,229
2018,5,22,18,0,44,6,0.2,231
2018,5,22,18,30,29,6,0.2,231
2018,5,22,19,0,30,4,0.1,263
2018,5,22,19,30,5,3,0.2,285
2018,5,22,20,0,0,3,0.2,307
2018,5,22,20,30,0,3,0.2,320
2018,5,22,21,0,0,0,0.2,333
2018,5,22,21,30,0,0,0.2,340
2018,5,22,22,0,0,0,0.2,347
2018,5,22,22,30,0,3,0.2,351
2018,5,22,23,0,0,3,0.2,355
2018,5,22,23,30,0,0,0.2,354
2018,5,23,0,0,0,0,0.2,353
2018,5,23,0,30,0,0,0.2,351
2018,5,23,1,0,0,0,0.2,348
2018,5,23,1,30,0,0,0.2,346
2018,5,23,2,0,0,3,0.2,344
2018,5,23,2,30,0,3,0.1,343
2018,5,23,3,0,0,3,0.1,342
2018,5,23,3,30,0,3,0.1,339
2018,5,23,4,0,0,3,0.1,337
2018,5,23,4,30,0,3,0.1,336
2018,5,23,5,0,0,3,0.1,335
2018,5,23,5,30,91,3,0.2,338
2018,5,23,6,0,286,0,0.2,340
2018,5,23,6,30,98,3,0.30000000000000004,345
2018,5,23,7,0,0,3,0.30000000000000004,349
2018,5,23,7,30,0,3,0.30000000000000004,352
2018,5,23,8,0,3,3,0.30000000000000004,356
2018,5,23,8,30,15,3,0.30000000000000004,179
2018,5,23,9,0,65,3,0.30000000000000004,2
2018,5,23,9,30,459,3,0.30000000000000004,6
2018,5,23,10,0,282,3,0.30000000000000004,9
2018,5,23,10,30,160,3,0.30000000000000004,12
2018,5,23,11,0,513,0,0.30000000000000004,14
2018,5,23,11,30,550,2,0.2,14
2018,5,23,12,0,895,0,0.2,14
2018,5,23,12,30,806,0,0.2,11
2018,5,23,13,0,934,0,0.2,9
2018,5,23,13,30,876,0,0.2,7
2018,5,23,14,0,904,0,0.2,4
2018,5,23,14,30,838,0,0.2,3
2018,5,23,15,0,888,0,0.2,2
2018,5,23,15,30,810,0,0.2,2
2018,5,23,16,0,841,0,0.2,2
2018,5,23,16,30,807,0,0.2,2
2018,5,23,17,0,762,0,0.2,3
2018,5,23,17,30,694,0,0.2,5
2018,5,23,18,0,594,0,0.1,6
2018,5,23,18,30,472,0,0.1,6
2018,5,23,19,0,297,0,0.1,11
2018,5,23,19,30,83,0,0.1,15
2018,5,23,20,0,0,0,0.1,19
2018,5,23,20,30,0,7,0.1,23
2018,5,23,21,0,0,7,0.2,27
2018,5,23,21,30,0,7,0.30000000000000004,30
2018,5,23,22,0,0,7,0.5,33
2018,5,23,22,30,0,7,0.7000000000000001,36
2018,5,23,23,0,0,7,0.8,39
2018,5,23,23,30,0,7,0.8,40
2018,5,24,0,0,0,7,0.9,42
2018,5,24,0,30,0,7,0.9,44
2018,5,24,1,0,0,7,0.8,45
2018,5,24,1,30,0,0,0.8,45
2018,5,24,2,0,0,0,0.8,45
2018,5,24,2,30,0,0,0.8,43
2018,5,24,3,0,0,0,0.8,40
2018,5,24,3,30,0,0,0.8,41
2018,5,24,4,0,0,0,0.8,42
2018,5,24,4,30,0,0,0.7000000000000001,44
2018,5,24,5,0,12,0,0.6000000000000001,46
2018,5,24,5,30,205,0,0.4,50
2018,5,24,6,0,410,0,0.1,54
2018,5,24,6,30,558,0,0.1,59
2018,5,24,7,0,656,0,0.1,63
2018,5,24,7,30,724,0,0.1,66
2018,5,24,8,0,775,0,0.1,70
2018,5,24,8,30,811,0,0.1,78
2018,5,24,9,0,839,0,0.1,87
2018,5,24,9,30,852,0,0.1,91
2018,5,24,10,0,857,0,0.1,96
2018,5,24,10,30,867,0,0.1,100
2018,5,24,11,0,871,0,0.1,104
2018,5,24,11,30,875,0,0.1,108
2018,5,24,12,0,875,0,0.2,113
2018,5,24,12,30,872,0,0.2,117
2018,5,24,13,0,866,0,0.2,120
2018,5,24,13,30,858,0,0.2,124
2018,5,24,14,0,849,0,0.2,127
2018,5,24,14,30,837,0,0.2,131
2018,5,24,15,0,819,0,0.2,135
2018,5,24,15,30,797,0,0.1,138
2018,5,24,16,0,769,0,0.1,140
2018,5,24,16,30,735,0,0.1,141
2018,5,24,17,0,666,0,0.1,141
2018,5,24,17,30,572,7,0.2,140
2018,5,24,18,0,547,0,0.30000000000000004,139
2018,5,24,18,30,407,7,0.30000000000000004,139
2018,5,24,19,0,262,7,0.8,140
2018,5,24,19,30,89,7,0.7000000000000001,138
2018,5,24,20,0,0,0,0.7000000000000001,136
2018,5,24,20,30,0,0,0.7000000000000001,126
2018,5,24,21,0,0,0,0.7000000000000001,116
2018,5,24,21,30,0,0,0.7000000000000001,110
2018,5,24,22,0,0,0,0.7000000000000001,104
2018,5,24,22,30,0,0,0.8,108
2018,5,24,23,0,0,0,0.8,112
2018,5,24,23,30,0,0,0.9,118
2018,5,25,0,0,0,0,0.9,124
2018,5,25,0,30,0,0,0.9,130
2018,5,25,1,0,0,0,0.9,136
2018,5,25,1,30,0,0,0.9,143
2018,5,25,2,0,0,7,0.8,150
2018,5,25,2,30,0,0,0.7000000000000001,156
2018,5,25,3,0,0,0,0.6000000000000001,163
2018,5,25,3,30,0,0,0.5,166
2018,5,25,4,0,0,0,0.5,169
2018,5,25,4,30,0,3,0.4,171
2018,5,25,5,0,20,7,0.30000000000000004,172
2018,5,25,5,30,93,3,0.2,175
2018,5,25,6,0,227,4,0.1,178
2018,5,25,6,30,408,3,0.1,177
2018,5,25,7,0,659,0,0.1,176
2018,5,25,7,30,649,0,0.1,185
2018,5,25,8,0,589,7,0.1,194
2018,5,25,8,30,521,7,0.1,208
2018,5,25,9,0,555,7,0.2,223
2018,5,25,9,30,776,0,0.2,226
2018,5,25,10,0,891,0,0.2,229
2018,5,25,10,30,892,0,0.2,229
2018,5,25,11,0,911,0,0.2,230
2018,5,25,11,30,854,0,0.2,231
2018,5,25,12,0,584,7,0.2,232
2018,5,25,12,30,907,0,0.2,234
2018,5,25,13,0,917,0,0.2,235
2018,5,25,13,30,909,0,0.2,236
2018,5,25,14,0,897,0,0.2,238
2018,5,25,14,30,882,0,0.2,238
2018,5,25,15,0,864,0,0.2,239
2018,5,25,15,30,840,0,0.2,239
2018,5,25,16,0,811,0,0.2,239
2018,5,25,16,30,774,0,0.2,239
2018,5,25,17,0,728,0,0.2,240
2018,5,25,17,30,668,0,0.2,240
2018,5,25,18,0,589,0,0.1,241
2018,5,25,18,30,479,0,0.1,241
2018,5,25,19,0,323,0,0.5,240
2018,5,25,19,30,108,0,0.6000000000000001,239
2018,5,25,20,0,0,0,0.7000000000000001,238
2018,5,25,20,30,0,0,0.6000000000000001,237
2018,5,25,21,0,0,0,0.6000000000000001,237
2018,5,25,21,30,0,0,0.5,237
2018,5,25,22,0,0,0,0.4,237
2018,5,25,22,30,0,0,0.30000000000000004,238
2018,5,25,23,0,0,0,0.1,238
2018,5,25,23,30,0,0,0.1,239
2018,5,26,0,0,0,0,0.1,239
2018,5,26,0,30,0,0,0.1,240
2018,5,26,1,0,0,0,0.1,241
2018,5,26,1,30,0,0,0.1,241
2018,5,26,2,0,0,0,0.1,242
2018,5,26,2,30,0,0,0.1,242
2018,5,26,3,0,0,0,0.1,242
2018,5,26,3,30,0,0,0.1,239
2018,5,26,4,0,0,0,0.1,237
2018,5,26,4,30,0,0,0.1,233
2018,5,26,5,0,23,0,0.1,229
2018,5,26,5,30,170,0,0.2,222
2018,5,26,6,0,259,0,0.2,215
2018,5,26,6,30,466,0,0.2,208
2018,5,26,7,0,465,7,0.2,201
2018,5,26,7,30,484,7,0.2,206
2018,5,26,8,0,418,7,0.2,212
2018,5,26,8,30,414,7,0.2,220
2018,5,26,9,0,439,3,0.2,229
2018,5,26,9,30,357,3,0.2,230
2018,5,26,10,0,32,4,0.2,231
2018,5,26,10,30,21,4,0.2,230
2018,5,26,11,0,23,4,0.2,228
2018,5,26,11,30,4,4,0.2,225
2018,5,26,12,0,65,3,0.2,223
2018,5,26,12,30,235,7,0.2,221
2018,5,26,13,0,297,7,0.2,220
2018,5,26,13,30,282,3,0.2,219
2018,5,26,14,0,102,4,0.2,218
2018,5,26,14,30,251,3,0.2,217
2018,5,26,15,0,340,3,0.2,216
2018,5,26,15,30,32,3,0.2,213
2018,5,26,16,0,65,8,0.2,210
2018,5,26,16,30,61,8,0.1,206
2018,5,26,17,0,30,6,0.1,202
2018,5,26,17,30,13,8,0.1,195
2018,5,26,18,0,27,8,0.1,187
2018,5,26,18,30,37,6,0.1,187
2018,5,26,19,0,11,9,0.1,178
2018,5,26,19,30,4,9,0.1,178
2018,5,26,20,0,0,6,0.1,178
2018,5,26,20,30,0,6,0.1,180
2018,5,26,21,0,0,6,0.1,182
2018,5,26,21,30,0,6,0.1,185
2018,5,26,22,0,0,7,0.1,188
2018,5,26,22,30,0,7,0.1,192
2018,5,26,23,0,0,8,0.1,196
2018,5,26,23,30,0,8,0.1,199
2018,5,27,0,0,0,8,0.1,202
2018,5,27,0,30,0,8,0.1,203
2018,5,27,1,0,0,4,0.1,204
2018,5,27,1,30,0,4,0.1,205
2018,5,27,2,0,0,3,0.1,206
2018,5,27,2,30,0,7,0.1,208
2018,5,27,3,0,0,7,0.1,209
2018,5,27,3,30,0,3,0.1,210
2018,5,27,4,0,0,3,0.1,211
2018,5,27,4,30,0,3,0.1,211
2018,5,27,5,0,11,0,0.1,210
2018,5,27,5,30,7,3,0.1,209
2018,5,27,6,0,0,7,0.1,208
2018,5,27,6,30,0,7,0.1,208
2018,5,27,7,0,1,7,0.1,209
2018,5,27,7,30,0,4,0.1,220
2018,5,27,8,0,0,3,0.1,231
2018,5,27,8,30,1,3,0.1,235
2018,5,27,9,0,23,3,0.1,239
2018,5,27,9,30,11,3,0.1,248
2018,5,27,10,0,21,3,0.1,257
2018,5,27,10,30,40,3,0.1,267
2018,5,27,11,0,146,3,0.1,276
2018,5,27,11,30,227,7,0.1,283
2018,5,27,12,0,322,7,0.1,289
2018,5,27,12,30,324,3,0.1,293
2018,5,27,13,0,662,0,0.1,298
2018,5,27,13,30,637,0,0.1,302
2018,5,27,14,0,581,7,0.1,307
2018,5,27,14,30,350,7,0.1,309
2018,5,27,15,0,363,7,0.1,312
2018,5,27,15,30,621,0,0.1,314
2018,5,27,16,0,639,0,0.1,315
2018,5,27,16,30,715,0,0.1,320
2018,5,27,17,0,673,0,0.2,325
2018,5,27,17,30,614,0,0.2,338
2018,5,27,18,0,490,0,0.2,350
2018,5,27,18,30,377,0,0.2,350
2018,5,27,19,0,264,7,0.30000000000000004,114
2018,5,27,19,30,86,7,0.5,134
2018,5,27,20,0,0,7,0.7000000000000001,153
2018,5,27,20,30,0,7,0.8,161
2018,5,27,21,0,0,7,0.8,168
2018,5,27,21,30,0,7,0.6000000000000001,175
2018,5,27,22,0,0,7,0.5,181
2018,5,27,22,30,0,7,0.30000000000000004,189
2018,5,27,23,0,0,7,0.1,196
2018,5,27,23,30,0,7,0.1,201
2018,5,28,0,0,0,7,0.1,206
2018,5,28,0,30,0,7,0.1,210
2018,5,28,1,0,0,0,0.1,213
2018,5,28,1,30,0,0,0.1,216
2018,5,28,2,0,0,0,0.1,219
2018,5,28,2,30,0,0,0.1,221
2018,5,28,3,0,0,0,0.1,223
2018,5,28,3,30,0,0,0.1,223
2018,5,28,4,0,0,0,0.1,223
2018,5,28,4,30,0,7,0.1,222
2018,5,28,5,0,7,7,0.1,221
2018,5,28,5,30,29,4,0.1,223
2018,5,28,6,0,281,7,0.2,224
2018,5,28,6,30,440,7,0.1,223
2018,5,28,7,0,427,7,0.1,223
2018,5,28,7,30,522,7,0.1,226
2018,5,28,8,0,533,7,0.1,228
2018,5,28,8,30,622,7,0.1,235
2018,5,28,9,0,764,0,0.1,241
2018,5,28,9,30,788,0,0.0,128
2018,5,28,10,0,661,0,0.0,15
2018,5,28,10,30,513,7,0.0,34
2018,5,28,11,0,420,7,0.1,53
2018,5,28,11,30,401,7,0.1,62
2018,5,28,12,0,360,7,0.1,71
2018,5,28,12,30,313,7,0.1,82
2018,5,28,13,0,300,7,0.1,92
2018,5,28,13,30,360,7,0.1,108
2018,5,28,14,0,558,7,0.1,123
2018,5,28,14,30,479,7,0.1,133
2018,5,28,15,0,220,7,0.1,144
2018,5,28,15,30,95,7,0.1,144
2018,5,28,16,0,19,7,0.1,145
2018,5,28,16,30,136,7,0.1,144
2018,5,28,17,0,184,7,0.1,143
2018,5,28,17,30,155,7,0.2,150
2018,5,28,18,0,299,7,0.2,157
2018,5,28,18,30,315,7,0.2,157
2018,5,28,19,0,175,7,0.30000000000000004,175
2018,5,28,19,30,63,7,0.30000000000000004,181
2018,5,28,20,0,0,7,0.30000000000000004,188
2018,5,28,20,30,0,7,0.30000000000000004,195
2018,5,28,21,0,0,7,0.2,201
2018,5,28,21,30,0,7,0.2,208
2018,5,28,22,0,0,7,0.1,216
2018,5,28,22,30,0,7,0.1,219
2018,5,28,23,0,0,7,0.1,222
2018,5,28,23,30,0,7,0.1,225
2018,5,29,0,0,0,7,0.1,227
2018,5,29,0,30,0,7,0.1,229
2018,5,29,1,0,0,7,0.1,230
2018,5,29,1,30,0,7,0.1,231
2018,5,29,2,0,0,7,0.1,232
2018,5,29,2,30,0,7,0.1,232
2018,5,29,3,0,0,7,0.1,232
2018,5,29,3,30,0,7,0.2,231
2018,5,29,4,0,0,7,0.2,229
2018,5,29,4,30,0,7,0.2,227
2018,5,29,5,0,14,7,0.2,225
2018,5,29,5,30,125,7,0.2,223
2018,5,29,6,0,302,0,0.1,222
2018,5,29,6,30,444,0,0.1,219
2018,5,29,7,0,537,0,0.1,216
2018,5,29,7,30,608,0,0.1,209
2018,5,29,8,0,662,0,0.1,202
2018,5,29,8,30,705,0,0.1,165
2018,5,29,9,0,738,0,0.1,129
2018,5,29,9,30,769,0,0.1,122
2018,5,29,10,0,795,0,0.2,115
2018,5,29,10,30,810,0,0.2,115
2018,5,29,11,0,727,0,0.2,115
2018,5,29,11,30,612,0,0.2,116
2018,5,29,12,0,425,3,0.2,117
2018,5,29,12,30,731,0,0.2,117
2018,5,29,13,0,483,3,0.2,118
2018,5,29,13,30,407,3,0.2,119
2018,5,29,14,0,556,0,0.2,120
2018,5,29,14,30,728,0,0.2,121
2018,5,29,15,0,709,0,0.2,122
2018,5,29,15,30,752,0,0.2,122
2018,5,29,16,0,723,0,0.2,123
2018,5,29,16,30,688,0,0.2,125
2018,5,29,17,0,643,0,0.2,126
2018,5,29,17,30,587,0,0.2,128
2018,5,29,18,0,489,7,0.2,131
2018,5,29,18,30,389,7,0.2,131
2018,5,29,19,0,146,4,0.1,134
2018,5,29,19,30,20,8,0.1,135
2018,5,29,20,0,0,4,0.1,137
2018,5,29,20,30,0,4,0.1,139
2018,5,29,21,0,0,4,0.1,140
2018,5,29,21,30,0,0,0.1,140
2018,5,29,22,0,0,7,0.1,140
2018,5,29,22,30,0,7,0.1,138
2018,5,29,23,0,0,7,0.1,137
2018,5,29,23,30,0,7,0.1,136
2018,5,30,0,0,0,7,0.1,135
2018,5,30,0,30,0,7,0.1,135
2018,5,30,1,0,0,7,0.1,135
2018,5,30,1,30,0,7,0.1,135
2018,5,30,2,0,0,7,0.1,135
2018,5,30,2,30,0,7,0.1,135
2018,5,30,3,0,0,7,0.1,134
2018,5,30,3,30,0,7,0.1,132
2018,5,30,4,0,0,4,0.1,131
2018,5,30,4,30,0,4,0.2,130
2018,5,30,5,0,8,3,0.2,129
2018,5,30,5,30,0,4,0.2,129
2018,5,30,6,0,5,4,0.30000000000000004,129
2018,5,30,6,30,49,8,0.30000000000000004,130
2018,5,30,7,0,124,8,0.30000000000000004,132
2018,5,30,7,30,217,7,0.30000000000000004,140
2018,5,30,8,0,221,7,0.30000000000000004,148
2018,5,30,8,30,103,8,0.4,152
2018,5,30,9,0,92,8,0.4,156
2018,5,30,9,30,187,8,0.4,157
2018,5,30,10,0,201,8,0.4,158
2018,5,30,10,30,242,4,0.4,158
2018,5,30,11,0,206,4,0.4,158
2018,5,30,11,30,189,4,0.4,157
2018,5,30,12,0,63,4,0.4,157
2018,5,30,12,30,46,4,0.4,156
2018,5,30,13,0,27,4,0.4,155
2018,5,30,13,30,19,8,0.4,153
2018,5,30,14,0,62,8,0.4,151
2018,5,30,14,30,38,6,0.4,150
2018,5,30,15,0,45,8,0.4,148
2018,5,30,15,30,77,8,0.4,146
2018,5,30,16,0,133,7,0.4,144
2018,5,30,16,30,126,7,0.4,143
2018,5,30,17,0,273,7,0.4,143
2018,5,30,17,30,59,7,0.4,143
2018,5,30,18,0,81,7,0.30000000000000004,144
2018,5,30,18,30,0,3,0.30000000000000004,144
2018,5,30,19,0,16,3,0.30000000000000004,146
2018,5,30,19,30,25,8,0.30000000000000004,148
2018,5,30,20,0,0,6,0.30000000000000004,150
2018,5,30,20,30,0,6,0.30000000000000004,153
2018,5,30,21,0,0,6,0.30000000000000004,156
2018,5,30,21,30,0,8,0.30000000000000004,160
2018,5,30,22,0,0,8,0.30000000000000004,164
2018,5,30,22,30,0,8,0.30000000000000004,167
2018,5,30,23,0,0,7,0.30000000000000004,169
2018,5,30,23,30,0,7,0.30000000000000004,171
2018,5,31,0,0,0,7,0.30000000000000004,173
2018,5,31,0,30,0,7,0.30000000000000004,176
2018,5,31,1,0,0,7,0.30000000000000004,178
2018,5,31,1,30,0,7,0.30000000000000004,179
2018,5,31,2,0,0,7,0.30000000000000004,180
2018,5,31,2,30,0,7,0.2,180
2018,5,31,3,0,0,7,0.2,181
2018,5,31,3,30,0,7,0.2,180
2018,5,31,4,0,0,3,0.2,178
2018,5,31,4,30,0,3,0.2,178
2018,5,31,5,0,1,3,0.2,178
2018,5,31,5,30,44,3,0.2,179
2018,5,31,6,0,122,3,0.30000000000000004,180
2018,5,31,6,30,21,3,0.30000000000000004,184
2018,5,31,7,0,7,4,0.30000000000000004,187
2018,5,31,7,30,5,4,0.30000000000000004,193
2018,5,31,8,0,7,7,0.30000000000000004,199
2018,5,31,8,30,7,3,0.30000000000000004,202
2018,5,31,9,0,16,3,0.30000000000000004,204
2018,5,31,9,30,23,4,0.30000000000000004,203
2018,5,31,10,0,28,4,0.30000000000000004,203
2018,5,31,10,30,8,4,0.30000000000000004,202
2018,5,31,11,0,9,4,0.30000000000000004,201
2018,5,31,11,30,44,4,0.30000000000000004,202
2018,5,31,12,0,302,3,0.30000000000000004,202
2018,5,31,12,30,327,3,0.30000000000000004,203
2018,5,31,13,0,292,3,0.30000000000000004,204
2018,5,31,13,30,583,0,0.30000000000000004,204
2018,5,31,14,0,716,0,0.30000000000000004,204
2018,5,31,14,30,752,0,0.30000000000000004,203
2018,5,31,15,0,708,0,0.30000000000000004,203
2018,5,31,15,30,663,0,0.2,201
2018,5,31,16,0,635,0,0.2,200
2018,5,31,16,30,290,4,0.2,197
2018,5,31,17,0,305,3,0.2,194
2018,5,31,17,30,426,3,0.2,190
2018,5,31,18,0,232,3,0.2,186
2018,5,31,18,30,264,0,0.2,186
2018,5,31,19,0,140,0,0.1,181
2018,5,31,19,30,16,7,0.1,181
2018,5,31,20,0,0,7,0.1,180
2018,5,31,20,30,0,7,0.1,181
2018,5,31,21,0,0,7,0.1,183
2018,5,31,21,30,0,7,0.1,187
2018,5,31,22,0,0,3,0.1,190
2018,5,31,22,30,0,7,0.1,195
2018,5,31,23,0,0,7,0.1,200
2018,5,31,23,30,0,7,0.1,206
2018,6,1,0,0,0,7,0.1,212
2018,6,1,0,30,0,7,0.1,219
2018,6,1,1,0,0,7,0.1,225
2018,6,1,1,30,0,0,0.1,232
2018,6,1,2,0,0,0,0.1,238
2018,6,1,2,30,0,0,0.1,242
2018,6,1,3,0,0,7,0.1,246
2018,6,1,3,30,0,7,0.1,248
2018,6,1,4,0,0,7,0.1,250
2018,6,1,4,30,0,7,0.1,246
2018,6,1,5,0,7,7,0.1,242
2018,6,1,5,30,14,7,0.2,239
2018,6,1,6,0,24,7,0.30000000000000004,236
2018,6,1,6,30,28,4,0.30000000000000004,238
2018,6,1,7,0,17,4,0.30000000000000004,240
2018,6,1,7,30,69,3,0.30000000000000004,242
2018,6,1,8,0,29,4,0.30000000000000004,243
2018,6,1,8,30,180,3,0.30000000000000004,244
2018,6,1,9,0,256,3,0.2,246
2018,6,1,9,30,132,4,0.2,247
2018,6,1,10,0,74,4,0.2,249
2018,6,1,10,30,14,4,0.2,250
2018,6,1,11,0,1,8,0.2,252
2018,6,1,11,30,5,4,0.2,255
2018,6,1,12,0,10,4,0.2,258
2018,6,1,12,30,26,4,0.2,263
2018,6,1,13,0,19,4,0.2,268
2018,6,1,13,30,16,4,0.2,274
2018,6,1,14,0,12,4,0.2,281
2018,6,1,14,30,47,4,0.2,289
2018,6,1,15,0,25,4,0.2,298
2018,6,1,15,30,82,4,0.2,306
2018,6,1,16,0,68,4,0.2,315
2018,6,1,16,30,37,8,0.2,322
2018,6,1,17,0,18,8,0.2,330
2018,6,1,17,30,4,8,0.2,337
2018,6,1,18,0,8,4,0.2,344
2018,6,1,18,30,0,4,0.2,344
2018,6,1,19,0,0,4,0.1,356
2018,6,1,19,30,5,4,0.1,179
2018,6,1,20,0,0,7,0.1,3
2018,6,1,20,30,0,7,0.2,3
2018,6,1,21,0,0,0,0.2,4
2018,6,1,21,30,0,0,0.2,182
2018,6,1,22,0,0,0,0.2,360
2018,6,1,22,30,0,0,0.2,357
2018,6,1,23,0,0,7,0.2,355
2018,6,1,23,30,0,7,0.2,353
2018,6,2,0,0,0,7,0.2,350
2018,6,2,0,30,0,7,0.2,349
2018,6,2,1,0,0,7,0.2,348
2018,6,2,1,30,0,7,0.2,347
2018,6,2,2,0,0,7,0.2,345
2018,6,2,2,30,0,7,0.2,343
2018,6,2,3,0,0,7,0.2,341
2018,6,2,3,30,0,7,0.2,340
2018,6,2,4,0,0,7,0.2,339
2018,6,2,4,30,0,7,0.2,340
2018,6,2,5,0,4,7,0.2,341
2018,6,2,5,30,30,7,0.2,348
2018,6,2,6,0,112,7,0.30000000000000004,355
2018,6,2,6,30,118,3,0.30000000000000004,357
2018,6,2,7,0,0,3,0.30000000000000004,359
2018,6,2,7,30,0,3,0.30000000000000004,356
2018,6,2,8,0,0,3,0.30000000000000004,353
2018,6,2,8,30,0,3,0.30000000000000004,350
2018,6,2,9,0,1,3,0.30000000000000004,348
2018,6,2,9,30,6,3,0.30000000000000004,348
2018,6,2,10,0,9,3,0.30000000000000004,347
2018,6,2,10,30,16,3,0.30000000000000004,346
2018,6,2,11,0,32,3,0.30000000000000004,345
2018,6,2,11,30,33,3,0.30000000000000004,343
2018,6,2,12,0,28,3,0.30000000000000004,341
2018,6,2,12,30,30,3,0.30000000000000004,340
2018,6,2,13,0,34,3,0.30000000000000004,338
2018,6,2,13,30,24,3,0.30000000000000004,339
2018,6,2,14,0,282,3,0.30000000000000004,339
2018,6,2,14,30,844,0,0.30000000000000004,341
2018,6,2,15,0,830,0,0.30000000000000004,343
2018,6,2,15,30,808,0,0.2,347
2018,6,2,16,0,781,0,0.2,351
2018,6,2,16,30,709,0,0.2,178
2018,6,2,17,0,669,0,0.2,5
2018,6,2,17,30,645,0,0.2,9
2018,6,2,18,0,567,0,0.2,13
2018,6,2,18,30,460,0,0.2,13
2018,6,2,19,0,308,0,0.1,4
2018,6,2,19,30,109,0,0.1,181
2018,6,2,20,0,0,0,0.1,358
2018,6,2,20,30,0,0,0.1,181
2018,6,2,21,0,0,0,0.2,4
2018,6,2,21,30,0,0,0.1,8
2018,6,2,22,0,0,0,0.1,12
2018,6,2,22,30,0,0,0.1,16
2018,6,2,23,0,0,0,0.1,20
2018,6,2,23,30,0,0,0.1,28
2018,6,3,0,0,0,0,0.1,36
2018,6,3,0,30,0,0,0.1,47
2018,6,3,1,0,0,0,0.1,57
2018,6,3,1,30,0,3,0.1,69
2018,6,3,2,0,0,3,0.1,80
2018,6,3,2,30,0,0,0.1,83
2018,6,3,3,0,0,0,0.2,86
2018,6,3,3,30,0,0,0.2,95
2018,6,3,4,0,0,0,0.2,103
2018,6,3,4,30,0,0,0.1,117
2018,6,3,5,0,26,0,0.1,130
2018,6,3,5,30,216,0,0.1,139
2018,6,3,6,0,313,0,0.2,148
2018,6,3,6,30,496,0,0.2,158
2018,6,3,7,0,612,0,0.2,169
2018,6,3,7,30,675,0,0.2,176
2018,6,3,8,0,721,0,0.2,184
2018,6,3,8,30,753,0,0.2,188
2018,6,3,9,0,773,0,0.2,192
2018,6,3,9,30,771,0,0.2,196
2018,6,3,10,0,745,0,0.2,200
2018,6,3,10,30,482,3,0.2,203
2018,6,3,11,0,194,3,0.30000000000000004,206
2018,6,3,11,30,98,3,0.30000000000000004,205
2018,6,3,12,0,113,3,0.30000000000000004,205
2018,6,3,12,30,99,4,0.30000000000000004,209
2018,6,3,13,0,10,4,0.30000000000000004,213
2018,6,3,13,30,14,7,0.30000000000000004,226
2018,6,3,14,0,61,3,0.30000000000000004,240
2018,6,3,14,30,546,0,0.30000000000000004,254
2018,6,3,15,0,219,3,0.30000000000000004,269
2018,6,3,15,30,161,3,0.4,279
2018,6,3,16,0,415,0,0.4,288
2018,6,3,16,30,619,0,0.4,292
2018,6,3,17,0,464,0,0.4,296
2018,6,3,17,30,230,3,0.4,297
2018,6,3,18,0,391,0,0.30000000000000004,298
2018,6,3,18,30,469,0,0.30000000000000004,298
2018,6,3,19,0,321,0,0.2,300
2018,6,3,19,30,120,0,0.2,302
2018,6,3,20,0,0,0,0.2,304
2018,6,3,20,30,0,0,0.2,307
2018,6,3,21,0,0,0,0.1,311
2018,6,3,21,30,0,0,0.1,311
2018,6,3,22,0,0,0,0.1,311
2018,6,3,22,30,0,0,0.1,307
2018,6,3,23,0,0,0,0.1,302
2018,6,3,23,30,0,0,0.1,300
2018,6,4,0,0,0,0,0.1,298
2018,6,4,0,30,0,3,0.1,300
2018,6,4,1,0,0,0,0.1,302
2018,6,4,1,30,0,0,0.1,303
2018,6,4,2,0,0,0,0.1,304
2018,6,4,2,30,0,0,0.1,303
2018,6,4,3,0,0,0,0.1,303
2018,6,4,3,30,0,0,0.1,299
2018,6,4,4,0,0,0,0.1,295
2018,6,4,4,30,0,0,0.1,293
2018,6,4,5,0,33,0,0.1,291
2018,6,4,5,30,269,0,0.2,290
2018,6,4,6,0,478,0,0.2,289
2018,6,4,6,30,613,0,0.30000000000000004,295
2018,6,4,7,0,708,0,0.4,301
2018,6,4,7,30,771,0,0.4,301
2018,6,4,8,0,817,0,0.4,302
2018,6,4,8,30,852,0,0.4,299
2018,6,4,9,0,512,0,0.4,297
2018,6,4,9,30,90,3,0.4,294
2018,6,4,10,0,121,3,0.4,291
2018,6,4,10,30,274,3,0.4,290
2018,6,4,11,0,196,3,0.5,289
2018,6,4,11,30,158,3,0.5,289
2018,6,4,12,0,327,2,0.5,289
2018,6,4,12,30,703,0,0.5,290
2018,6,4,13,0,627,0,0.5,291
2018,6,4,13,30,762,0,0.5,292
2018,6,4,14,0,686,0,0.5,293
2018,6,4,14,30,871,0,0.5,294
2018,6,4,15,0,908,0,0.5,295
2018,6,4,15,30,892,0,0.4,297
2018,6,4,16,0,871,0,0.4,300
2018,6,4,16,30,843,0,0.4,302
2018,6,4,17,0,805,0,0.4,305
2018,6,4,17,30,753,0,0.30000000000000004,306
2018,6,4,18,0,682,0,0.30000000000000004,308
2018,6,4,18,30,583,0,0.30000000000000004,308
2018,6,4,19,0,434,0,0.2,310
2018,6,4,19,30,198,0,0.2,311
2018,6,4,20,0,0,0,0.2,312
2018,6,4,20,30,0,0,0.1,312
2018,6,4,21,0,0,0,0.1,312
2018,6,4,21,30,0,0,0.1,309
2018,6,4,22,0,0,0,0.1,306
2018,6,4,22,30,0,0,0.1,296
2018,6,4,23,0,0,0,0.1,286
2018,6,4,23,30,0,0,0.1,273
2018,6,5,0,0,0,0,0.1,260
2018,6,5,0,30,0,0,0.2,253
2018,6,5,1,0,0,0,0.2,247
2018,6,5,1,30,0,0,0.2,244
2018,6,5,2,0,0,0,0.2,240
2018,6,5,2,30,0,0,0.2,239
2018,6,5,3,0,0,4,0.2,237
2018,6,5,3,30,0,4,0.2,240
2018,6,5,4,0,0,4,0.2,242
2018,6,5,4,30,0,4,0.2,246
2018,6,5,5,0,0,4,0.2,250
2018,6,5,5,30,0,4,0.2,253
2018,6,5,6,0,0,4,0.30000000000000004,257
2018,6,5,6,30,1,4,0.30000000000000004,261
2018,6,5,7,0,9,7,0.30000000000000004,266
2018,6,5,7,30,4,4,0.30000000000000004,266
2018,6,5,8,0,27,4,0.30000000000000004,266
2018,6,5,8,30,474,0,0.4,266
2018,6,5,9,0,643,0,0.4,267
2018,6,5,9,30,703,0,0.4,269
2018,6,5,10,0,138,4,0.4,271
2018,6,5,10,30,23,4,0.4,274
2018,6,5,11,0,5,4,0.4,277
2018,6,5,11,30,20,4,0.4,284
2018,6,5,12,0,20,4,0.4,292
2018,6,5,12,30,42,8,0.4,296
2018,6,5,13,0,75,7,0.4,300
2018,6,5,13,30,28,7,0.4,304
2018,6,5,14,0,9,8,0.4,307
2018,6,5,14,30,4,4,0.4,311
2018,6,5,15,0,76,4,0.4,315
2018,6,5,15,30,176,7,0.4,319
2018,6,5,16,0,153,7,0.30000000000000004,323
2018,6,5,16,30,217,3,0.30000000000000004,328
2018,6,5,17,0,370,0,0.30000000000000004,334
2018,6,5,17,30,8,4,0.30000000000000004,339
2018,6,5,18,0,14,4,0.30000000000000004,343
2018,6,5,18,30,34,3,0.30000000000000004,343
2018,6,5,19,0,208,0,0.2,360
2018,6,5,19,30,109,0,0.2,185
2018,6,5,20,0,0,0,0.2,11
2018,6,5,20,30,0,0,0.2,11
2018,6,5,21,0,0,0,0.2,12
2018,6,5,21,30,0,0,0.2,9
2018,6,5,22,0,0,0,0.2,6
2018,6,5,22,30,0,0,0.1,182
2018,6,5,23,0,0,0,0.1,359
2018,6,5,23,30,0,0,0.1,356
2018,6,6,0,0,0,0,0.1,353
2018,6,6,0,30,0,0,0.1,350
2018,6,6,1,0,0,0,0.1,346
2018,6,6,1,30,0,0,0.1,343
2018,6,6,2,0,0,0,0.1,341
2018,6,6,2,30,0,0,0.1,342
2018,6,6,3,0,0,0,0.1,343
2018,6,6,3,30,0,0,0.1,344
2018,6,6,4,0,0,0,0.1,345
2018,6,6,4,30,0,3,0.1,346
2018,6,6,5,0,12,3,0.1,346
2018,6,6,5,30,228,0,0.2,351
2018,6,6,6,0,403,0,0.2,356
2018,6,6,6,30,56,3,0.2,181
2018,6,6,7,0,0,3,0.30000000000000004,5
2018,6,6,7,30,1,3,0.30000000000000004,6
2018,6,6,8,0,5,3,0.2,6
2018,6,6,8,30,14,3,0.2,6
2018,6,6,9,0,94,3,0.2,6
2018,6,6,9,30,18,3,0.2,5
2018,6,6,10,0,10,3,0.2,4
2018,6,6,10,30,23,3,0.2,176
2018,6,6,11,0,13,3,0.2,349
2018,6,6,11,30,13,3,0.2,343
2018,6,6,12,0,15,3,0.2,337
2018,6,6,12,30,20,4,0.2,337
2018,6,6,13,0,79,4,0.2,337
2018,6,6,13,30,61,3,0.2,337
2018,6,6,14,0,26,3,0.2,338
2018,6,6,14,30,14,3,0.2,338
2018,6,6,15,0,10,3,0.2,337
2018,6,6,15,30,12,3,0.2,336
2018,6,6,16,0,7,3,0.1,334
2018,6,6,16,30,8,3,0.1,329
2018,6,6,17,0,5,4,0.1,324
2018,6,6,17,30,4,4,0.1,278
2018,6,6,18,0,0,3,0.1,232
2018,6,6,18,30,0,3,0.1,232
2018,6,6,19,0,180,0,0.4,210
2018,6,6,19,30,158,0,0.6000000000000001,210
2018,6,6,20,0,0,7,0.7000000000000001,210
2018,6,6,20,30,0,0,0.7000000000000001,208
2018,6,6,21,0,0,0,0.8,206
2018,6,6,21,30,0,0,0.7000000000000001,203
2018,6,6,22,0,0,0,0.7000000000000001,200
2018,6,6,22,30,0,7,0.6000000000000001,198
2018,6,6,23,0,0,0,0.5,195
2018,6,6,23,30,0,0,0.4,193
2018,6,7,0,0,0,0,0.30000000000000004,191
2018,6,7,0,30,0,0,0.30000000000000004,189
2018,6,7,1,0,0,0,0.30000000000000004,186
2018,6,7,1,30,0,0,0.2,187
2018,6,7,2,0,0,7,0.2,187
2018,6,7,2,30,0,7,0.1,188
2018,6,7,3,0,0,7,0.1,189
2018,6,7,3,30,0,7,0.1,188
2018,6,7,4,0,0,7,0.1,187
2018,6,7,4,30,0,7,0.1,185
2018,6,7,5,0,4,7,0.1,183
2018,6,7,5,30,41,7,0.2,184
2018,6,7,6,0,108,7,0.2,185
2018,6,7,6,30,218,7,0.2,186
2018,6,7,7,0,296,7,0.2,187
2018,6,7,7,30,309,7,0.2,184
2018,6,7,8,0,118,7,0.2,180
2018,6,7,8,30,244,7,0.2,176
2018,6,7,9,0,394,7,0.2,171
2018,6,7,9,30,481,7,0.2,169
2018,6,7,10,0,472,7,0.2,168
2018,6,7,10,30,426,7,0.2,171
2018,6,7,11,0,417,7,0.2,174
2018,6,7,11,30,551,7,0.2,181
2018,6,7,12,0,603,7,0.2,188
2018,6,7,12,30,444,7,0.2,196
2018,6,7,13,0,553,7,0.2,204
2018,6,7,13,30,678,0,0.2,210
2018,6,7,14,0,696,0,0.2,216
2018,6,7,14,30,771,0,0.2,221
2018,6,7,15,0,729,0,0.2,225
2018,6,7,15,30,674,0,0.2,224
2018,6,7,16,0,379,3,0.2,224
2018,6,7,16,30,292,3,0.2,221
2018,6,7,17,0,289,3,0.2,219
2018,6,7,17,30,440,0,0.2,215
2018,6,7,18,0,446,7,0.1,211
2018,6,7,18,30,259,3,0.1,211
2018,6,7,19,0,153,3,0.2,199
2018,6,7,19,30,54,3,0.2,198
2018,6,7,20,0,3,7,0.2,197
2018,6,7,20,30,0,3,0.30000000000000004,195
2018,6,7,21,0,0,3,0.30000000000000004,194
2018,6,7,21,30,0,7,0.30000000000000004,193
2018,6,7,22,0,0,7,0.30000000000000004,191
2018,6,7,22,30,0,7,0.2,192
2018,6,7,23,0,0,3,0.1,192
2018,6,7,23,30,0,3,0.1,193
2018,6,8,0,0,0,3,0.1,193
2018,6,8,0,30,0,3,0.1,193
2018,6,8,1,0,0,3,0.1,192
2018,6,8,1,30,0,7,0.1,192
2018,6,8,2,0,0,7,0.1,191
2018,6,8,2,30,0,7,0.1,192
2018,6,8,3,0,0,7,0.1,193
2018,6,8,3,30,0,7,0.1,193
2018,6,8,4,0,0,7,0.1,193
2018,6,8,4,30,0,7,0.1,193
2018,6,8,5,0,3,7,0.1,193
2018,6,8,5,30,4,7,0.1,195
2018,6,8,6,0,15,7,0.1,197
2018,6,8,6,30,86,7,0.1,198
2018,6,8,7,0,188,7,0.1,200
2018,6,8,7,30,187,7,0.1,208
2018,6,8,8,0,220,7,0.1,216
2018,6,8,8,30,292,7,0.1,234
2018,6,8,9,0,306,7,0.0,253
2018,6,8,9,30,392,7,0.0,132
2018,6,8,10,0,387,7,0.0,12
2018,6,8,10,30,336,7,0.1,30
2018,6,8,11,0,354,7,0.1,48
2018,6,8,11,30,322,7,0.1,62
2018,6,8,12,0,377,7,0.1,75
2018,6,8,12,30,314,7,0.1,102
2018,6,8,13,0,219,7,0.1,129
2018,6,8,13,30,145,7,0.1,158
2018,6,8,14,0,123,7,0.1,188
2018,6,8,14,30,237,7,0.1,215
2018,6,8,15,0,289,7,0.1,242
2018,6,8,15,30,116,6,0.1,261
2018,6,8,16,0,9,9,0.1,279
2018,6,8,16,30,0,9,0.2,280
2018,6,8,17,0,0,9,0.2,281
2018,6,8,17,30,0,6,0.1,279
2018,6,8,18,0,0,6,0.1,277
2018,6,8,18,30,0,6,0.1,277
2018,6,8,19,0,0,6,0.1,281
2018,6,8,19,30,2,6,0.1,288
2018,6,8,20,0,2,6,0.1,294
2018,6,8,20,30,0,6,0.2,298
2018,6,8,21,0,0,6,0.2,303
2018,6,8,21,30,0,7,0.30000000000000004,308
2018,6,8,22,0,0,7,0.4,313
2018,6,8,22,30,0,7,0.4,316
2018,6,8,23,0,0,7,0.5,319
2018,6,8,23,30,0,7,0.5,321
2018,6,9,0,0,0,7,0.4,324
2018,6,9,0,30,0,4,0.5,329
2018,6,9,1,0,0,4,0.5,335
2018,6,9,1,30,0,4,0.5,343
2018,6,9,2,0,0,4,0.6000000000000001,352
2018,6,9,2,30,0,3,0.6000000000000001,182
2018,6,9,3,0,0,4,0.6000000000000001,13
2018,6,9,3,30,0,4,0.6000000000000001,32
2018,6,9,4,0,0,3,0.5,52
2018,6,9,4,30,0,4,0.5,80
2018,6,9,5,0,4,4,0.4,107
2018,6,9,5,30,0,4,0.30000000000000004,117
2018,6,9,6,0,0,4,0.1,126
2018,6,9,6,30,193,4,0.2,161
2018,6,9,7,0,326,3,0.2,196
2018,6,9,7,30,591,0,0.1,207
2018,6,9,8,0,641,0,0.1,218
2018,6,9,8,30,335,4,0.1,221
2018,6,9,9,0,4,4,0.1,224
2018,6,9,9,30,7,4,0.2,228
2018,6,9,10,0,57,4,0.2,232
2018,6,9,10,30,180,4,0.2,238
2018,6,9,11,0,15,4,0.2,244
2018,6,9,11,30,11,4,0.2,249
2018,6,9,12,0,20,4,0.2,255
2018,6,9,12,30,28,4,0.2,258
2018,6,9,13,0,1,4,0.1,261
2018,6,9,13,30,0,4,0.1,263
2018,6,9,14,0,8,4,0.1,264
2018,6,9,14,30,39,4,0.1,250
2018,6,9,15,0,64,4,0.1,236
2018,6,9,15,30,179,4,0.1,194
2018,6,9,16,0,14,4,0.1,153
2018,6,9,16,30,0,4,0.1,160
2018,6,9,17,0,44,4,0.1,168
2018,6,9,17,30,253,3,0.2,164
2018,6,9,18,0,429,0,0.2,161
2018,6,9,18,30,323,7,0.2,161
2018,6,9,19,0,218,7,0.30000000000000004,127
2018,6,9,19,30,82,6,0.2,121
2018,6,9,20,0,3,6,0.2,115
2018,6,9,20,30,0,8,0.2,115
2018,6,9,21,0,0,8,0.1,114
2018,6,9,21,30,0,8,0.1,117
2018,6,9,22,0,0,8,0.1,120
2018,6,9,22,30,0,8,0.1,122
2018,6,9,23,0,0,8,0.1,124
2018,6,9,23,30,0,8,0.1,129
2018,6,10,0,0,0,4,0.1,134
2018,6,10,0,30,0,4,0.1,143
2018,6,10,1,0,0,3,0.1,151
2018,6,10,1,30,0,8,0.1,160
2018,6,10,2,0,0,8,0.1,169
2018,6,10,2,30,0,8,0.1,177
2018,6,10,3,0,0,8,0.1,185
2018,6,10,3,30,0,7,0.1,186
2018,6,10,4,0,0,8,0.1,187
2018,6,10,4,30,0,4,0.1,179
2018,6,10,5,0,11,7,0.1,172
2018,6,10,5,30,42,0,0.1,167
2018,6,10,6,0,0,4,0.2,163
2018,6,10,6,30,31,4,0.2,165
2018,6,10,7,0,12,4,0.2,167
2018,6,10,7,30,18,7,0.2,171
2018,6,10,8,0,27,7,0.2,174
2018,6,10,8,30,54,4,0.2,178
2018,6,10,9,0,75,4,0.2,181
2018,6,10,9,30,176,4,0.2,187
2018,6,10,10,0,158,3,0.2,192
2018,6,10,10,30,58,7,0.2,198
2018,6,10,11,0,33,7,0.2,204
2018,6,10,11,30,50,8,0.2,209
2018,6,10,12,0,95,7,0.2,214
2018,6,10,12,30,41,3,0.2,218
2018,6,10,13,0,246,8,0.2,222
2018,6,10,13,30,110,8,0.2,227
2018,6,10,14,0,138,3,0.2,232
2018,6,10,14,30,80,8,0.2,236
2018,6,10,15,0,58,8,0.2,240
2018,6,10,15,30,27,8,0.1,249
2018,6,10,16,0,12,8,0.1,258
2018,6,10,16,30,63,4,0.1,267
2018,6,10,17,0,66,8,0.1,276
2018,6,10,17,30,17,7,0.1,280
2018,6,10,18,0,17,7,0.2,283
2018,6,10,18,30,2,8,0.2,283
2018,6,10,19,0,1,8,0.2,106
2018,6,10,19,30,4,7,0.30000000000000004,105
2018,6,10,20,0,4,8,0.4,105
2018,6,10,20,30,0,7,0.2,104
2018,6,10,21,0,0,8,0.1,103
2018,6,10,21,30,0,8,0.1,103
2018,6,10,22,0,0,8,0.1,104
2018,6,10,22,30,0,8,0.1,101
2018,6,10,23,0,0,8,0.1,98
2018,6,10,23,30,0,8,0.1,93
2018,6,11,0,0,0,8,0.1,87
2018,6,11,0,30,0,8,0.1,83
2018,6,11,1,0,0,8,0.1,79
2018,6,11,1,30,0,7,0.1,76
2018,6,11,2,0,0,7,0.2,73
2018,6,11,2,30,0,7,0.2,73
2018,6,11,3,0,0,6,0.2,73
2018,6,11,3,30,0,7,0.2,74
2018,6,11,4,0,0,8,0.2,76
2018,6,11,4,30,0,4,0.2,80
2018,6,11,5,0,2,4,0.2,83
2018,6,11,5,30,0,4,0.30000000000000004,87
2018,6,11,6,0,0,4,0.30000000000000004,90
2018,6,11,6,30,0,4,0.30000000000000004,89
2018,6,11,7,0,0,4,0.30000000000000004,88
2018,6,11,7,30,0,7,0.30000000000000004,85
2018,6,11,8,0,0,6,0.30000000000000004,82
2018,6,11,8,30,0,6,0.30000000000000004,82
2018,6,11,9,0,0,6,0.30000000000000004,82
2018,6,11,9,30,0,6,0.30000000000000004,85
2018,6,11,10,0,6,6,0.30000000000000004,89
2018,6,11,10,30,12,6,0.30000000000000004,92
2018,6,11,11,0,12,6,0.30000000000000004,96
2018,6,11,11,30,13,6,0.30000000000000004,98
2018,6,11,12,0,12,6,0.30000000000000004,101
2018,6,11,12,30,13,6,0.30000000000000004,102
2018,6,11,13,0,16,6,0.30000000000000004,103
2018,6,11,13,30,16,6,0.30000000000000004,105
2018,6,11,14,0,13,7,0.30000000000000004,106
2018,6,11,14,30,15,7,0.30000000000000004,106
2018,6,11,15,0,21,7,0.30000000000000004,105
2018,6,11,15,30,12,7,0.30000000000000004,105
2018,6,11,16,0,5,7,0.30000000000000004,105
2018,6,11,16,30,2,7,0.2,107
2018,6,11,17,0,0,7,0.2,109
2018,6,11,17,30,12,7,0.2,111
2018,6,11,18,0,22,7,0.2,113
2018,6,11,18,30,0,7,0.2,113
2018,6,11,19,0,0,8,0.1,112
2018,6,11,19,30,8,7,0.1,110
2018,6,11,20,0,8,7,0.1,107
2018,6,11,20,30,0,7,0.1,107
2018,6,11,21,0,0,0,0.1,106
2018,6,11,21,30,0,7,0.1,107
2018,6,11,22,0,0,7,0.1,108
2018,6,11,22,30,0,7,0.1,108
2018,6,11,23,0,0,7,0.1,108
2018,6,11,23,30,0,7,0.1,108
2018,6,12,0,0,0,0,0.1,108
2018,6,12,0,30,0,0,0.1,111
2018,6,12,1,0,0,0,0.1,114
2018,6,12,1,30,0,0,0.1,118
2018,6,12,2,0,0,0,0.1,122
2018,6,12,2,30,0,0,0.1,127
2018,6,12,3,0,0,0,0.2,131
2018,6,12,3,30,0,0,0.2,135
2018,6,12,4,0,0,0,0.2,139
2018,6,12,4,30,0,3,0.2,139
2018,6,12,5,0,9,3,0.2,139
2018,6,12,5,30,152,0,0.2,141
2018,6,12,6,0,304,0,0.30000000000000004,142
2018,6,12,6,30,507,0,0.30000000000000004,148
2018,6,12,7,0,615,0,0.30000000000000004,153
2018,6,12,7,30,675,0,0.4,156
2018,6,12,8,0,572,7,0.4,158
2018,6,12,8,30,341,7,0.4,159
2018,6,12,9,0,62,7,0.4,160
2018,6,12,9,30,64,7,0.4,161
2018,6,12,10,0,66,7,0.4,162
2018,6,12,10,30,99,7,0.4,164
2018,6,12,11,0,6,7,0.4,165
2018,6,12,11,30,10,7,0.4,168
2018,6,12,12,0,23,7,0.4,170
2018,6,12,12,30,33,7,0.4,171
2018,6,12,13,0,9,8,0.4,172
2018,6,12,13,30,6,7,0.4,171
2018,6,12,14,0,3,7,0.4,171
2018,6,12,14,30,1,7,0.4,171
2018,6,12,15,0,54,4,0.4,171
2018,6,12,15,30,76,4,0.4,172
2018,6,12,16,0,3,4,0.4,173
2018,6,12,16,30,5,4,0.30000000000000004,172
2018,6,12,17,0,39,7,0.30000000000000004,171
2018,6,12,17,30,41,4,0.30000000000000004,170
2018,6,12,18,0,5,4,0.30000000000000004,168
2018,6,12,18,30,1,4,0.30000000000000004,168
2018,6,12,19,0,1,4,0.2,169
2018,6,12,19,30,5,7,0.2,168
2018,6,12,20,0,5,8,0.2,168
2018,6,12,20,30,0,8,0.2,169
2018,6,12,21,0,0,8,0.2,171
2018,6,12,21,30,0,4,0.2,173
2018,6,12,22,0,0,7,0.2,175
2018,6,12,22,30,0,7,0.2,180
2018,6,12,23,0,0,8,0.2,185
2018,6,12,23,30,0,7,0.2,189
2018,6,13,0,0,0,7,0.2,194
2018,6,13,0,30,0,7,0.2,197
2018,6,13,1,0,0,7,0.2,200
2018,6,13,1,30,0,7,0.2,199
2018,6,13,2,0,0,8,0.2,197
2018,6,13,2,30,0,3,0.2,195
2018,6,13,3,0,0,7,0.2,193
2018,6,13,3,30,0,7,0.2,195
2018,6,13,4,0,0,7,0.2,196
2018,6,13,4,30,0,7,0.2,200
2018,6,13,5,0,3,7,0.2,203
2018,6,13,5,30,0,7,0.2,203
2018,6,13,6,0,0,7,0.30000000000000004,203
2018,6,13,6,30,0,7,0.30000000000000004,205
2018,6,13,7,0,1,7,0.30000000000000004,207
2018,6,13,7,30,0,7,0.30000000000000004,216
2018,6,13,8,0,4,7,0.4,225
2018,6,13,8,30,5,7,0.4,231
2018,6,13,9,0,1,3,0.4,238
2018,6,13,9,30,2,3,0.4,241
2018,6,13,10,0,4,3,0.4,244
2018,6,13,10,30,1,3,0.4,247
2018,6,13,11,0,5,4,0.4,249
2018,6,13,11,30,31,4,0.4,251
2018,6,13,12,0,86,7,0.4,253
2018,6,13,12,30,110,3,0.4,255
2018,6,13,13,0,203,3,0.4,257
2018,6,13,13,30,276,3,0.4,258
2018,6,13,14,0,254,7,0.4,259
2018,6,13,14,30,224,3,0.4,261
2018,6,13,15,0,425,3,0.4,263
2018,6,13,15,30,148,7,0.4,270
2018,6,13,16,0,210,7,0.30000000000000004,277
2018,6,13,16,30,19,6,0.30000000000000004,288
2018,6,13,17,0,89,6,0.30000000000000004,299
2018,6,13,17,30,22,6,0.30000000000000004,306
2018,6,13,18,0,170,7,0.30000000000000004,313
2018,6,13,18,30,223,7,0.30000000000000004,313
2018,6,13,19,0,182,7,0.2,320
2018,6,13,19,30,47,4,0.2,322
2018,6,13,20,0,10,7,0.2,325
2018,6,13,20,30,0,7,0.2,329
2018,6,13,21,0,0,7,0.2,332
2018,6,13,21,30,0,3,0.2,334
2018,6,13,22,0,0,3,0.2,337
2018,6,13,22,30,0,0,0.2,342
2018,6,13,23,0,0,0,0.1,346
2018,6,13,23,30,0,0,0.1,351
2018,6,14,0,0,0,0,0.1,356
2018,6,14,0,30,0,0,0.1,358
2018,6,14,1,0,0,0,0.1,360
2018,6,14,1,30,0,0,0.1,180
2018,6,14,2,0,0,0,0.1,1
2018,6,14,2,30,0,0,0.2,177
2018,6,14,3,0,0,0,0.2,352
2018,6,14,3,30,0,0,0.30000000000000004,347
2018,6,14,4,0,0,0,0.4,342
2018,6,14,4,30,0,0,0.30000000000000004,338
2018,6,14,5,0,57,0,0.30000000000000004,335
2018,6,14,5,30,279,0,0.2,323
2018,6,14,6,0,495,0,0.1,311
2018,6,14,6,30,624,0,0.1,301
2018,6,14,7,0,712,0,0.2,291
2018,6,14,7,30,772,0,0.2,299
2018,6,14,8,0,816,0,0.2,306
2018,6,14,8,30,847,0,0.30000000000000004,307
2018,6,14,9,0,869,0,0.30000000000000004,309
2018,6,14,9,30,889,0,0.30000000000000004,310
2018,6,14,10,0,904,0,0.30000000000000004,311
2018,6,14,10,30,914,0,0.30000000000000004,312
2018,6,14,11,0,920,0,0.30000000000000004,312
2018,6,14,11,30,924,0,0.30000000000000004,313
2018,6,14,12,0,925,0,0.30000000000000004,314
2018,6,14,12,30,928,0,0.30000000000000004,315
2018,6,14,13,0,877,0,0.30000000000000004,315
2018,6,14,13,30,644,7,0.30000000000000004,316
2018,6,14,14,0,704,0,0.30000000000000004,317
2018,6,14,14,30,701,0,0.30000000000000004,317
2018,6,14,15,0,630,0,0.30000000000000004,318
2018,6,14,15,30,765,0,0.30000000000000004,320
2018,6,14,16,0,616,0,0.30000000000000004,321
2018,6,14,16,30,566,7,0.30000000000000004,321
2018,6,14,17,0,557,7,0.2,321
2018,6,14,17,30,539,7,0.2,321
2018,6,14,18,0,502,7,0.2,322
2018,6,14,18,30,410,7,0.2,322
2018,6,14,19,0,314,7,0.30000000000000004,324
2018,6,14,19,30,141,0,0.5,326
2018,6,14,20,0,8,0,0.8,327
2018,6,14,20,30,0,0,0.9,330
2018,6,14,21,0,0,3,0.9,333
2018,6,14,21,30,0,7,0.9,330
2018,6,14,22,0,0,7,0.9,328
2018,6,14,22,30,0,7,0.8,321
2018,6,14,23,0,0,0,0.7000000000000001,313
2018,6,14,23,30,0,0,0.6000000000000001,310
2018,6,15,0,0,0,3,0.6000000000000001,306
2018,6,15,0,30,0,0,0.5,304
2018,6,15,1,0,0,0,0.4,302
2018,6,15,1,30,0,3,0.5,313
2018,6,15,2,0,0,7,0.5,324
2018,6,15,2,30,0,7,0.5,339
2018,6,15,3,0,0,7,0.6000000000000001,354
2018,6,15,3,30,0,7,0.6000000000000001,180
2018,6,15,4,0,0,7,0.7000000000000001,7
2018,6,15,4,30,0,7,0.6000000000000001,9
2018,6,15,5,0,31,7,0.4,11
2018,6,15,5,30,181,7,0.30000000000000004,28
2018,6,15,6,0,402,0,0.2,46
2018,6,15,6,30,539,0,0.2,44
2018,6,15,7,0,637,0,0.2,43
2018,6,15,7,30,709,0,0.2,42
2018,6,15,8,0,766,0,0.2,41
2018,6,15,8,30,809,0,0.2,42
2018,6,15,9,0,843,0,0.2,43
2018,6,15,9,30,868,0,0.2,36
2018,6,15,10,0,887,0,0.2,29
2018,6,15,10,30,901,0,0.2,15
2018,6,15,11,0,909,0,0.2,0
2018,6,15,11,30,916,0,0.2,175
2018,6,15,12,0,721,0,0.2,350
2018,6,15,12,30,923,0,0.2,349
2018,6,15,13,0,926,0,0.2,349
2018,6,15,13,30,652,7,0.2,352
2018,6,15,14,0,294,7,0.2,356
2018,6,15,14,30,409,7,0.1,356
2018,6,15,15,0,467,7,0.1,356
2018,6,15,15,30,491,7,0.1,335
2018,6,15,16,0,477,7,0.1,313
2018,6,15,16,30,432,7,0.1,310
2018,6,15,17,0,413,7,0.1,307
2018,6,15,17,30,422,7,0.2,306
2018,6,15,18,0,419,7,0.2,306
2018,6,15,18,30,338,7,0.2,306
2018,6,15,19,0,265,7,0.5,318
2018,6,15,19,30,133,7,0.6000000000000001,332
2018,6,15,20,0,9,7,0.7000000000000001,346
2018,6,15,20,30,0,7,0.7000000000000001,180
2018,6,15,21,0,0,0,0.6000000000000001,14
2018,6,15,21,30,0,7,0.6000000000000001,24
2018,6,15,22,0,0,7,0.6000000000000001,34
2018,6,15,22,30,0,7,0.5,54
2018,6,15,23,0,0,7,0.5,74
2018,6,15,23,30,0,7,0.5,114
2018,6,16,0,0,0,3,0.6000000000000001,154
2018,6,16,0,30,0,3,0.6000000000000001,164
2018,6,16,1,0,0,7,0.6000000000000001,173
2018,6,16,1,30,0,7,0.6000000000000001,173
2018,6,16,2,0,0,7,0.6000000000000001,173
2018,6,16,2,30,0,7,0.7000000000000001,171
2018,6,16,3,0,0,7,0.7000000000000001,169
2018,6,16,3,30,0,7,0.6000000000000001,168
2018,6,16,4,0,0,7,0.5,167
2018,6,16,4,30,0,7,0.30000000000000004,167
2018,6,16,5,0,6,7,0.1,167
2018,6,16,5,30,0,3,0.2,168
2018,6,16,6,0,20,4,0.2,169
2018,6,16,6,30,60,4,0.2,167
2018,6,16,7,0,85,4,0.2,166
2018,6,16,7,30,154,4,0.2,174
2018,6,16,8,0,242,4,0.2,183
2018,6,16,8,30,180,4,0.2,190
2018,6,16,9,0,646,0,0.2,197
2018,6,16,9,30,720,0,0.2,203
2018,6,16,10,0,427,7,0.2,209
2018,6,16,10,30,140,7,0.2,214
2018,6,16,11,0,217,7,0.2,219
2018,6,16,11,30,286,3,0.2,221
2018,6,16,12,0,605,0,0.2,223
2018,6,16,12,30,456,0,0.2,223
2018,6,16,13,0,125,3,0.2,224
2018,6,16,13,30,6,4,0.2,223
2018,6,16,14,0,61,6,0.2,222
2018,6,16,14,30,2,6,0.2,223
2018,6,16,15,0,310,7,0.2,224
2018,6,16,15,30,261,4,0.2,231
2018,6,16,16,0,93,4,0.2,237
2018,6,16,16,30,104,7,0.2,247
2018,6,16,17,0,47,7,0.2,257
2018,6,16,17,30,319,7,0.1,263
2018,6,16,18,0,261,3,0.1,269
2018,6,16,18,30,0,4,0.1,269
2018,6,16,19,0,0,4,0.1,279
2018,6,16,19,30,0,7,0.2,279
2018,6,16,20,0,0,3,0.30000000000000004,280
2018,6,16,20,30,0,3,0.30000000000000004,276
2018,6,16,21,0,0,3,0.4,272
2018,6,16,21,30,0,7,0.4,267
2018,6,16,22,0,0,7,0.4,262
2018,6,16,22,30,0,7,0.4,261
2018,6,16,23,0,0,4,0.30000000000000004,259
2018,6,16,23,30,0,3,0.30000000000000004,262
2018,6,17,0,0,0,3,0.30000000000000004,265
2018,6,17,0,30,0,0,0.30000000000000004,270
2018,6,17,1,0,0,0,0.30000000000000004,275
2018,6,17,1,30,0,0,0.30000000000000004,281
2018,6,17,2,0,0,0,0.4,287
2018,6,17,2,30,0,0,0.4,292
2018,6,17,3,0,0,0,0.4,296
2018,6,17,3,30,0,0,0.4,297
2018,6,17,4,0,0,0,0.4,298
2018,6,17,4,30,0,0,0.4,297
2018,6,17,5,0,16,3,0.30000000000000004,296
2018,6,17,5,30,59,7,0.2,293
2018,6,17,6,0,36,3,0.1,291
2018,6,17,6,30,134,3,0.1,322
2018,6,17,7,0,276,7,0.0,354
2018,6,17,7,30,380,7,0.0,328
2018,6,17,8,0,372,7,0.0,302
2018,6,17,8,30,387,7,0.1,289
2018,6,17,9,0,360,7,0.1,277
2018,6,17,9,30,369,7,0.1,277
2018,6,17,10,0,406,7,0.1,278
2018,6,17,10,30,457,7,0.1,291
2018,6,17,11,0,460,7,0.1,305
2018,6,17,11,30,664,0,0.1,308
2018,6,17,12,0,512,0,0.1,311
2018,6,17,12,30,402,3,0.1,292
2018,6,17,13,0,345,3,0.1,273
2018,6,17,13,30,265,3,0.1,269
2018,6,17,14,0,371,3,0.1,265
2018,6,17,14,30,672,0,0.1,266
2018,6,17,15,0,353,3,0.2,267
2018,6,17,15,30,157,3,0.2,265
2018,6,17,16,0,201,3,0.2,263
2018,6,17,16,30,244,7,0.2,259
2018,6,17,17,0,259,3,0.1,256
2018,6,17,17,30,394,3,0.1,251
2018,6,17,18,0,282,3,0.1,246
2018,6,17,18,30,231,3,0.1,246
2018,6,17,19,0,147,3,0.30000000000000004,236
2018,6,17,19,30,55,3,0.2,234
2018,6,17,20,0,5,3,0.1,232
2018,6,17,20,30,0,3,0.1,231
2018,6,17,21,0,0,3,0.1,230
2018,6,17,21,30,0,3,0.1,231
2018,6,17,22,0,0,7,0.1,231
2018,6,17,22,30,0,7,0.1,232
2018,6,17,23,0,0,7,0.1,233
2018,6,17,23,30,0,7,0.1,233
2018,6,18,0,0,0,7,0.1,233
2018,6,18,0,30,0,7,0.1,232
2018,6,18,1,0,0,0,0.1,232
2018,6,18,1,30,0,0,0.1,230
2018,6,18,2,0,0,0,0.1,229
2018,6,18,2,30,0,0,0.1,227
2018,6,18,3,0,0,7,0.1,225
2018,6,18,3,30,0,7,0.1,223
2018,6,18,4,0,0,7,0.1,222
2018,6,18,4,30,0,7,0.1,221
2018,6,18,5,0,14,7,0.1,219
2018,6,18,5,30,118,7,0.2,224
2018,6,18,6,0,242,7,0.2,229
2018,6,18,6,30,216,4,0.2,229
2018,6,18,7,0,375,7,0.2,230
2018,6,18,7,30,303,7,0.2,238
2018,6,18,8,0,424,7,0.2,246
2018,6,18,8,30,524,7,0.30000000000000004,252
2018,6,18,9,0,714,0,0.30000000000000004,257
2018,6,18,9,30,553,0,0.30000000000000004,257
2018,6,18,10,0,404,7,0.30000000000000004,256
2018,6,18,10,30,724,0,0.30000000000000004,256
2018,6,18,11,0,650,0,0.30000000000000004,255
2018,6,18,11,30,551,7,0.30000000000000004,254
2018,6,18,12,0,587,0,0.4,253
2018,6,18,12,30,606,0,0.4,253
2018,6,18,13,0,748,0,0.4,253
2018,6,18,13,30,742,0,0.4,252
2018,6,18,14,0,758,0,0.4,251
2018,6,18,14,30,630,0,0.4,250
2018,6,18,15,0,160,3,0.4,249
2018,6,18,15,30,54,8,0.30000000000000004,247
2018,6,18,16,0,3,6,0.30000000000000004,246
2018,6,18,16,30,134,7,0.30000000000000004,246
2018,6,18,17,0,323,7,0.30000000000000004,245
2018,6,18,17,30,271,7,0.30000000000000004,246
2018,6,18,18,0,310,7,0.2,246
2018,6,18,18,30,329,7,0.2,246
2018,6,18,19,0,209,0,0.2,248
2018,6,18,19,30,40,3,0.2,249
2018,6,18,20,0,1,3,0.2,249
2018,6,18,20,30,0,0,0.2,249
2018,6,18,21,0,0,3,0.2,249
2018,6,18,21,30,0,0,0.2,247
2018,6,18,22,0,0,0,0.2,246
2018,6,18,22,30,0,0,0.2,244
2018,6,18,23,0,0,0,0.2,243
2018,6,18,23,30,0,0,0.1,245
2018,6,19,0,0,0,0,0.1,247
2018,6,19,0,30,0,3,0.1,253
2018,6,19,1,0,0,3,0.2,259
2018,6,19,1,30,0,3,0.2,262
2018,6,19,2,0,0,3,0.2,265
2018,6,19,2,30,0,0,0.2,267
2018,6,19,3,0,0,0,0.2,268
2018,6,19,3,30,0,0,0.2,275
2018,6,19,4,0,0,0,0.2,283
2018,6,19,4,30,0,3,0.2,303
2018,6,19,5,0,4,4,0.2,323
2018,6,19,5,30,5,4,0.30000000000000004,332
2018,6,19,6,0,27,4,0.30000000000000004,342
2018,6,19,6,30,26,4,0.30000000000000004,347
2018,6,19,7,0,0,4,0.30000000000000004,353
2018,6,19,7,30,0,4,0.30000000000000004,355
2018,6,19,8,0,4,4,0.30000000000000004,358
2018,6,19,8,30,28,3,0.30000000000000004,181
2018,6,19,9,0,35,3,0.30000000000000004,4
2018,6,19,9,30,40,3,0.2,6
2018,6,19,10,0,11,3,0.2,8
2018,6,19,10,30,17,3,0.2,7
2018,6,19,11,0,21,3,0.2,6
2018,6,19,11,30,9,3,0.2,181
2018,6,19,12,0,9,3,0.2,357
2018,6,19,12,30,25,3,0.2,350
2018,6,19,13,0,85,3,0.2,343
2018,6,19,13,30,56,3,0.2,334
2018,6,19,14,0,208,3,0.2,326
2018,6,19,14,30,108,3,0.2,322
2018,6,19,15,0,90,3,0.2,319
2018,6,19,15,30,235,7,0.2,323
2018,6,19,16,0,282,7,0.2,327
2018,6,19,16,30,107,8,0.2,338
2018,6,19,17,0,267,7,0.2,349
2018,6,19,17,30,482,0,0.1,354
2018,6,19,18,0,116,8,0.1,359
2018,6,19,18,30,27,4,0.1,359
2018,6,19,19,0,9,3,0.1,5
2018,6,19,19,30,2,3,0.1,13
2018,6,19,20,0,9,3,0.2,21
2018,6,19,20,30,0,0,0.2,35
2018,6,19,21,0,0,8,0.2,48
2018,6,19,21,30,0,4,0.30000000000000004,63
2018,6,19,22,0,0,4,0.30000000000000004,77
2018,6,19,22,30,0,4,0.30000000000000004,93
2018,6,19,23,0,0,0,0.30000000000000004,108
2018,6,19,23,30,0,0,0.2,119
2018,6,20,0,0,0,0,0.2,130
2018,6,20,0,30,0,3,0.1,134
2018,6,20,1,0,0,0,0.1,138
2018,6,20,1,30,0,3,0.1,141
2018,6,20,2,0,0,0,0.1,144
2018,6,20,2,30,0,4,0.1,143
2018,6,20,3,0,0,4,0.1,141
2018,6,20,3,30,0,4,0.1,144
2018,6,20,4,0,0,4,0.1,146
2018,6,20,4,30,0,3,0.1,150
2018,6,20,5,0,9,0,0.1,154
2018,6,20,5,30,14,3,0.1,154
2018,6,20,6,0,0,4,0.1,154
2018,6,20,6,30,14,4,0.1,204
2018,6,20,7,0,5,4,0.1,255
2018,6,20,7,30,34,3,0.1,285
2018,6,20,8,0,23,4,0.1,315
2018,6,20,8,30,101,4,0.1,313
2018,6,20,9,0,104,4,0.1,312
2018,6,20,9,30,131,4,0.1,300
2018,6,20,10,0,166,4,0.1,289
2018,6,20,10,30,40,4,0.1,279
2018,6,20,11,0,153,4,0.2,270
2018,6,20,11,30,68,4,0.2,265
2018,6,20,12,0,21,4,0.2,259
2018,6,20,12,30,13,4,0.2,257
2018,6,20,13,0,15,4,0.2,255
2018,6,20,13,30,19,4,0.2,255
2018,6,20,14,0,50,4,0.2,254
2018,6,20,14,30,130,3,0.2,254
2018,6,20,15,0,27,4,0.2,254
2018,6,20,15,30,74,4,0.2,254
2018,6,20,16,0,82,7,0.2,255
2018,6,20,16,30,26,7,0.1,261
2018,6,20,17,0,46,7,0.1,268
2018,6,20,17,30,6,6,0.1,285
2018,6,20,18,0,0,8,0.1,302
2018,6,20,18,30,0,4,0.1,302
2018,6,20,19,0,0,4,0.1,342
2018,6,20,19,30,0,7,0.1,343
2018,6,20,20,0,1,7,0.2,344
2018,6,20,20,30,0,7,0.2,347
2018,6,20,21,0,0,7,0.2,349
2018,6,20,21,30,0,0,0.30000000000000004,342
2018,6,20,22,0,0,0,0.30000000000000004,336
2018,6,20,22,30,0,0,0.30000000000000004,336
2018,6,20,23,0,0,3,0.30000000000000004,336
2018,6,20,23,30,0,3,0.30000000000000004,341
2018,6,21,0,0,0,3,0.2,346
2018,6,21,0,30,0,3,0.2,351
2018,6,21,1,0,0,3,0.2,356
2018,6,21,1,30,0,3,0.1,357
2018,6,21,2,0,0,3,0.1,357
2018,6,21,2,30,0,3,0.1,183
2018,6,21,3,0,0,3,0.1,9
2018,6,21,3,30,0,0,0.1,12
2018,6,21,4,0,0,3,0.1,15
2018,6,21,4,30,0,0,0.1,187
2018,6,21,5,0,24,0,0.1,359
2018,6,21,5,30,189,0,0.1,358
2018,6,21,6,0,372,0,0.2,358
2018,6,21,6,30,500,0,0.2,189
2018,6,21,7,0,594,0,0.2,19
2018,6,21,7,30,615,0,0.2,32
2018,6,21,8,0,668,0,0.2,44
2018,6,21,8,30,758,0,0.2,54
2018,6,21,9,0,790,0,0.2,64
2018,6,21,9,30,812,0,0.2,70
2018,6,21,10,0,795,0,0.1,76
2018,6,21,10,30,840,0,0.1,80
2018,6,21,11,0,526,7,0.2,85
2018,6,21,11,30,444,7,0.1,89
2018,6,21,12,0,484,7,0.1,92
2018,6,21,12,30,182,7,0.2,93
2018,6,21,13,0,310,7,0.2,95
2018,6,21,13,30,740,0,0.2,95
2018,6,21,14,0,424,7,0.2,95
2018,6,21,14,30,161,7,0.2,98
2018,6,21,15,0,40,6,0.2,101
2018,6,21,15,30,42,6,0.2,102
2018,6,21,16,0,27,6,0.2,102
2018,6,21,16,30,36,8,0.2,101
2018,6,21,17,0,30,8,0.2,100
2018,6,21,17,30,4,6,0.2,98
2018,6,21,18,0,2,6,0.2,95
2018,6,21,18,30,3,8,0.2,95
2018,6,21,19,0,0,8,0.1,87
2018,6,21,19,30,0,8,0.1,85
2018,6,21,20,0,3,6,0.1,82
2018,6,21,20,30,0,6,0.1,81
2018,6,21,21,0,0,6,0.1,79
2018,6,21,21,30,0,6,0.1,78
2018,6,21,22,0,0,6,0.1,76
2018,6,21,22,30,0,8,0.1,74
2018,6,21,23,0,0,8,0.1,73
2018,6,21,23,30,0,8,0.2,74
2018,6,22,0,0,0,4,0.2,75
2018,6,22,0,30,0,4,0.2,78
2018,6,22,1,0,0,8,0.2,80
2018,6,22,1,30,0,8,0.2,83
2018,6,22,2,0,0,3,0.2,85
2018,6,22,2,30,0,3,0.2,85
2018,6,22,3,0,0,3,0.2,85
2018,6,22,3,30,0,0,0.2,85
2018,6,22,4,0,0,0,0.2,85
2018,6,22,4,30,0,7,0.2,86
2018,6,22,5,0,2,7,0.30000000000000004,86
2018,6,22,5,30,0,3,0.30000000000000004,90
2018,6,22,6,0,0,4,0.30000000000000004,93
2018,6,22,6,30,3,7,0.30000000000000004,101
2018,6,22,7,0,132,7,0.30000000000000004,109
2018,6,22,7,30,48,7,0.30000000000000004,113
2018,6,22,8,0,43,7,0.30000000000000004,118
2018,6,22,8,30,1,7,0.30000000000000004,121
2018,6,22,9,0,1,8,0.30000000000000004,125
2018,6,22,9,30,0,8,0.30000000000000004,128
2018,6,22,10,0,1,8,0.30000000000000004,132
2018,6,22,10,30,4,8,0.30000000000000004,135
2018,6,22,11,0,5,8,0.30000000000000004,139
2018,6,22,11,30,8,8,0.30000000000000004,140
2018,6,22,12,0,8,8,0.30000000000000004,141
2018,6,22,12,30,10,8,0.2,139
2018,6,22,13,0,7,8,0.2,137
2018,6,22,13,30,11,8,0.2,134
2018,6,22,14,0,8,4,0.2,130
2018,6,22,14,30,2,4,0.2,126
2018,6,22,15,0,4,8,0.2,123
2018,6,22,15,30,58,4,0.2,123
2018,6,22,16,0,70,8,0.2,124
2018,6,22,16,30,2,6,0.2,125
2018,6,22,17,0,0,6,0.30000000000000004,125
2018,6,22,17,30,0,6,0.2,125
2018,6,22,18,0,0,8,0.2,124
2018,6,22,18,30,0,4,0.2,124
2018,6,22,19,0,0,8,0.2,127
2018,6,22,19,30,0,7,0.2,126
2018,6,22,20,0,6,8,0.2,125
2018,6,22,20,30,0,8,0.2,123
2018,6,22,21,0,0,7,0.2,121
2018,6,22,21,30,0,7,0.2,120
2018,6,22,22,0,0,4,0.2,119
2018,6,22,22,30,0,7,0.2,120
2018,6,22,23,0,0,7,0.2,121
2018,6,22,23,30,0,7,0.2,122
2018,6,23,0,0,0,4,0.2,124
2018,6,23,0,30,0,8,0.2,126
2018,6,23,1,0,0,4,0.2,127
2018,6,23,1,30,0,4,0.2,128
2018,6,23,2,0,0,4,0.2,129
2018,6,23,2,30,0,4,0.2,132
2018,6,23,3,0,0,3,0.2,134
2018,6,23,3,30,0,3,0.2,137
2018,6,23,4,0,0,3,0.2,141
2018,6,23,4,30,0,3,0.2,147
2018,6,23,5,0,4,3,0.2,153
2018,6,23,5,30,81,3,0.2,165
2018,6,23,6,0,144,3,0.30000000000000004,177
2018,6,23,6,30,59,3,0.30000000000000004,185
2018,6,23,7,0,5,3,0.30000000000000004,193
2018,6,23,7,30,35,3,0.30000000000000004,199
2018,6,23,8,0,17,3,0.30000000000000004,206
2018,6,23,8,30,9,3,0.4,212
2018,6,23,9,0,66,3,0.4,218
2018,6,23,9,30,156,3,0.4,224
2018,6,23,10,0,198,3,0.4,229
2018,6,23,10,30,54,4,0.4,233
2018,6,23,11,0,118,3,0.4,237
2018,6,23,11,30,552,0,0.4,238
2018,6,23,12,0,422,3,0.30000000000000004,240
2018,6,23,12,30,790,0,0.4,238
2018,6,23,13,0,789,0,0.4,237
2018,6,23,13,30,686,0,0.4,237
2018,6,23,14,0,689,0,0.4,237
2018,6,23,14,30,159,3,0.30000000000000004,240
2018,6,23,15,0,6,4,0.30000000000000004,242
2018,6,23,15,30,412,3,0.30000000000000004,244
2018,6,23,16,0,115,3,0.30000000000000004,246
2018,6,23,16,30,6,3,0.30000000000000004,246
2018,6,23,17,0,56,3,0.30000000000000004,247
2018,6,23,17,30,540,0,0.2,246
2018,6,23,18,0,580,0,0.2,245
2018,6,23,18,30,435,0,0.2,245
2018,6,23,19,0,39,3,0.1,242
2018,6,23,19,30,36,3,0.1,240
2018,6,23,20,0,15,3,0.1,238
2018,6,23,20,30,0,3,0.1,237
2018,6,23,21,0,0,0,0.1,236
2018,6,23,21,30,0,0,0.1,233
2018,6,23,22,0,0,0,0.1,231
2018,6,23,22,30,0,3,0.1,229
2018,6,23,23,0,0,0,0.1,228
2018,6,23,23,30,0,3,0.1,227
2018,6,24,0,0,0,7,0.1,227
2018,6,24,0,30,0,7,0.1,226
2018,6,24,1,0,0,3,0.1,226
2018,6,24,1,30,0,3,0.1,227
2018,6,24,2,0,0,3,0.1,227
2018,6,24,2,30,0,8,0.1,228
2018,6,24,3,0,0,8,0.1,228
2018,6,24,3,30,0,4,0.1,227
2018,6,24,4,0,0,3,0.1,227
2018,6,24,4,30,0,3,0.1,226
2018,6,24,5,0,1,3,0.1,225
2018,6,24,5,30,13,3,0.2,224
2018,6,24,6,0,97,3,0.2,224
2018,6,24,6,30,493,0,0.2,234
2018,6,24,7,0,632,0,0.2,245
2018,6,24,7,30,702,0,0.30000000000000004,252
2018,6,24,8,0,360,3,0.30000000000000004,260
2018,6,24,8,30,548,0,0.30000000000000004,265
2018,6,24,9,0,70,3,0.4,270
2018,6,24,9,30,143,3,0.4,274
2018,6,24,10,0,240,3,0.4,277
2018,6,24,10,30,259,3,0.4,280
2018,6,24,11,0,67,4,0.4,283
2018,6,24,11,30,106,4,0.4,284
2018,6,24,12,0,241,4,0.4,286
2018,6,24,12,30,842,0,0.4,286
2018,6,24,13,0,893,0,0.4,287
2018,6,24,13,30,840,0,0.4,287
2018,6,24,14,0,839,0,0.4,288
2018,6,24,14,30,612,0,0.4,291
2018,6,24,15,0,455,0,0.4,293
2018,6,24,15,30,571,0,0.4,297
2018,6,24,16,0,654,0,0.4,301
2018,6,24,16,30,754,0,0.4,306
2018,6,24,17,0,512,0,0.30000000000000004,312
2018,6,24,17,30,276,0,0.30000000000000004,316
2018,6,24,18,0,562,0,0.30000000000000004,321
2018,6,24,18,30,254,3,0.30000000000000004,321
2018,6,24,19,0,204,0,0.2,329
2018,6,24,19,30,22,3,0.2,333
2018,6,24,20,0,7,7,0.1,337
2018,6,24,20,30,0,7,0.1,340
2018,6,24,21,0,0,0,0.1,343
2018,6,24,21,30,0,0,0.1,345
2018,6,24,22,0,0,0,0.1,347
2018,6,24,22,30,0,0,0.1,349
2018,6,24,23,0,0,0,0.1,350
2018,6,24,23,30,0,0,0.1,352
2018,6,25,0,0,0,0,0.1,353
2018,6,25,0,30,0,7,0.1,355
2018,6,25,1,0,0,7,0.1,356
2018,6,25,1,30,0,7,0.1,179
2018,6,25,2,0,0,7,0.1,2
2018,6,25,2,30,0,7,0.1,6
2018,6,25,3,0,0,3,0.1,10
2018,6,25,3,30,0,0,0.1,15
2018,6,25,4,0,0,0,0.1,19
2018,6,25,4,30,0,0,0.1,24
2018,6,25,5,0,23,0,0.1,28
2018,6,25,5,30,201,0,0.2,33
2018,6,25,6,0,382,0,0.2,37
2018,6,25,6,30,187,3,0.2,43
2018,6,25,7,0,74,3,0.2,49
2018,6,25,7,30,110,3,0.2,51
2018,6,25,8,0,184,3,0.2,54
2018,6,25,8,30,209,3,0.2,52
2018,6,25,9,0,165,3,0.2,50
2018,6,25,9,30,265,3,0.2,47
2018,6,25,10,0,381,7,0.2,45
2018,6,25,10,30,440,7,0.2,44
2018,6,25,11,0,450,7,0.2,44
2018,6,25,11,30,352,7,0.2,44
2018,6,25,12,0,313,7,0.2,45
2018,6,25,12,30,407,7,0.2,45
2018,6,25,13,0,405,7,0.2,46
2018,6,25,13,30,384,7,0.2,48
2018,6,25,14,0,449,7,0.2,49
2018,6,25,14,30,450,7,0.2,53
2018,6,25,15,0,388,7,0.2,56
2018,6,25,15,30,371,7,0.2,57
2018,6,25,16,0,463,7,0.2,59
2018,6,25,16,30,512,7,0.2,60
2018,6,25,17,0,588,0,0.2,61
2018,6,25,17,30,705,0,0.2,62
2018,6,25,18,0,639,0,0.2,64
2018,6,25,18,30,449,0,0.2,64
2018,6,25,19,0,198,3,0.2,68
2018,6,25,19,30,175,7,0.2,69
2018,6,25,20,0,29,7,0.1,70
2018,6,25,20,30,0,7,0.1,73
2018,6,25,21,0,0,0,0.1,76
2018,6,25,21,30,0,7,0.1,76
2018,6,25,22,0,0,3,0.1,77
2018,6,25,22,30,0,0,0.1,77
2018,6,25,23,0,0,3,0.1,77
2018,6,25,23,30,0,3,0.1,77
2018,6,26,0,0,0,7,0.1,77
2018,6,26,0,30,0,7,0.1,76
2018,6,26,1,0,0,7,0.1,75
2018,6,26,1,30,0,7,0.1,74
2018,6,26,2,0,0,0,0.1,73
2018,6,26,2,30,0,0,0.1,74
2018,6,26,3,0,0,0,0.1,75
2018,6,26,3,30,0,0,0.1,78
2018,6,26,4,0,0,0,0.1,81
2018,6,26,4,30,0,0,0.1,86
2018,6,26,5,0,13,0,0.1,90
2018,6,26,5,30,182,0,0.2,93
2018,6,26,6,0,425,0,0.2,96
2018,6,26,6,30,553,0,0.2,105
2018,6,26,7,0,610,0,0.30000000000000004,114
2018,6,26,7,30,711,0,0.30000000000000004,123
2018,6,26,8,0,761,0,0.30000000000000004,132
2018,6,26,8,30,651,0,0.30000000000000004,135
2018,6,26,9,0,730,0,0.30000000000000004,138
2018,6,26,9,30,781,0,0.30000000000000004,138
2018,6,26,10,0,834,0,0.30000000000000004,139
2018,6,26,10,30,644,0,0.30000000000000004,139
2018,6,26,11,0,495,3,0.30000000000000004,140
2018,6,26,11,30,233,3,0.30000000000000004,144
2018,6,26,12,0,100,3,0.30000000000000004,148
2018,6,26,12,30,61,4,0.30000000000000004,152
2018,6,26,13,0,266,3,0.30000000000000004,156
2018,6,26,13,30,181,3,0.30000000000000004,159
2018,6,26,14,0,19,3,0.30000000000000004,163
2018,6,26,14,30,52,7,0.4,163
2018,6,26,15,0,246,7,0.4,163
2018,6,26,15,30,275,7,0.4,160
2018,6,26,16,0,176,7,0.30000000000000004,158
2018,6,26,16,30,101,7,0.30000000000000004,160
2018,6,26,17,0,29,6,0.30000000000000004,161
2018,6,26,17,30,10,8,0.30000000000000004,161
2018,6,26,18,0,0,6,0.30000000000000004,161
2018,6,26,18,30,4,8,0.30000000000000004,161
2018,6,26,19,0,8,4,0.30000000000000004,146
2018,6,26,19,30,0,4,0.30000000000000004,148
2018,6,26,20,0,2,4,0.30000000000000004,149
2018,6,26,20,30,0,3,0.30000000000000004,154
2018,6,26,21,0,0,4,0.30000000000000004,159
2018,6,26,21,30,0,7,0.30000000000000004,161
2018,6,26,22,0,0,7,0.30000000000000004,163
2018,6,26,22,30,0,7,0.30000000000000004,165
2018,6,26,23,0,0,7,0.30000000000000004,168
2018,6,26,23,30,0,7,0.30000000000000004,172
2018,6,27,0,0,0,7,0.30000000000000004,176
2018,6,27,0,30,0,7,0.30000000000000004,178
2018,6,27,1,0,0,7,0.30000000000000004,180
2018,6,27,1,30,0,7,0.30000000000000004,186
2018,6,27,2,0,0,7,0.30000000000000004,191
2018,6,27,2,30,0,7,0.30000000000000004,194
2018,6,27,3,0,0,7,0.30000000000000004,198
2018,6,27,3,30,0,7,0.2,196
2018,6,27,4,0,0,7,0.2,194
2018,6,27,4,30,0,7,0.2,192
2018,6,27,5,0,0,8,0.2,190
2018,6,27,5,30,0,8,0.2,186
2018,6,27,6,0,0,8,0.2,182
2018,6,27,6,30,0,8,0.30000000000000004,182
2018,6,27,7,0,0,8,0.30000000000000004,183
2018,6,27,7,30,0,8,0.30000000000000004,190
2018,6,27,8,0,0,8,0.30000000000000004,197
2018,6,27,8,30,0,8,0.30000000000000004,205
2018,6,27,9,0,3,7,0.4,212
2018,6,27,9,30,2,7,0.4,216
2018,6,27,10,0,0,8,0.4,220
2018,6,27,10,30,11,3,0.4,221
2018,6,27,11,0,25,3,0.4,222
2018,6,27,11,30,41,3,0.4,222
2018,6,27,12,0,48,3,0.4,222
2018,6,27,12,30,72,3,0.4,223
2018,6,27,13,0,154,3,0.4,224
2018,6,27,13,30,43,3,0.4,224
2018,6,27,14,0,117,3,0.4,224
2018,6,27,14,30,137,3,0.4,224
2018,6,27,15,0,733,0,0.4,224
2018,6,27,15,30,633,0,0.4,227
2018,6,27,16,0,171,3,0.30000000000000004,230
2018,6,27,16,30,95,3,0.30000000000000004,235
2018,6,27,17,0,42,8,0.30000000000000004,239
2018,6,27,17,30,99,7,0.30000000000000004,242
2018,6,27,18,0,97,3,0.2,245
2018,6,27,18,30,213,3,0.2,245
2018,6,27,19,0,317,0,0.1,250
2018,6,27,19,30,162,0,0.1,249
2018,6,27,20,0,16,0,0.1,248
2018,6,27,20,30,0,0,0.1,246
2018,6,27,21,0,0,0,0.1,243
2018,6,27,21,30,0,3,0.1,241
2018,6,27,22,0,0,3,0.1,239
2018,6,27,22,30,0,3,0.2,241
2018,6,27,23,0,0,0,0.2,243
2018,6,27,23,30,0,0,0.2,246
2018,6,28,0,0,0,0,0.2,249
2018,6,28,0,30,0,0,0.2,255
2018,6,28,1,0,0,0,0.1,261
2018,6,28,1,30,0,0,0.1,270
2018,6,28,2,0,0,0,0.2,279
2018,6,28,2,30,0,0,0.2,285
2018,6,28,3,0,0,0,0.2,292
2018,6,28,3,30,0,0,0.2,296
2018,6,28,4,0,0,0,0.2,299
2018,6,28,4,30,0,0,0.2,301
2018,6,28,5,0,11,0,0.2,303
2018,6,28,5,30,15,3,0.2,301
2018,6,28,6,0,239,0,0.2,300
2018,6,28,6,30,114,3,0.30000000000000004,302
2018,6,28,7,0,2,3,0.30000000000000004,303
2018,6,28,7,30,8,3,0.30000000000000004,309
2018,6,28,8,0,10,3,0.30000000000000004,314
2018,6,28,8,30,3,3,0.30000000000000004,316
2018,6,28,9,0,12,3,0.30000000000000004,318
2018,6,28,9,30,34,3,0.30000000000000004,319
2018,6,28,10,0,537,0,0.30000000000000004,320
2018,6,28,10,30,790,0,0.30000000000000004,321
2018,6,28,11,0,712,0,0.30000000000000004,321
2018,6,28,11,30,503,0,0.30000000000000004,321
2018,6,28,12,0,521,0,0.30000000000000004,321
2018,6,28,12,30,692,0,0.30000000000000004,319
2018,6,28,13,0,808,0,0.30000000000000004,317
2018,6,28,13,30,809,0,0.2,314
2018,6,28,14,0,793,0,0.2,311
2018,6,28,14,30,882,0,0.2,307
2018,6,28,15,0,871,0,0.2,303
2018,6,28,15,30,854,0,0.2,299
2018,6,28,16,0,834,0,0.2,296
2018,6,28,16,30,807,0,0.2,294
2018,6,28,17,0,772,0,0.2,292
2018,6,28,17,30,725,0,0.2,292
2018,6,28,18,0,662,0,0.2,292
2018,6,28,18,30,573,0,0.2,292
2018,6,28,19,0,446,0,0.4,306
2018,6,28,19,30,259,0,0.6000000000000001,312
2018,6,28,20,0,34,0,0.8,318
2018,6,28,20,30,0,0,0.8,329
2018,6,28,21,0,0,0,0.8,340
2018,6,28,21,30,0,0,0.7000000000000001,176
2018,6,28,22,0,0,7,0.6000000000000001,12
2018,6,28,22,30,0,7,0.6000000000000001,33
2018,6,28,23,0,0,7,0.5,55
2018,6,28,23,30,0,7,0.5,79
2018,6,29,0,0,0,0,0.5,104
2018,6,29,0,30,0,0,0.5,137
2018,6,29,1,0,0,0,0.5,171
2018,6,29,1,30,0,3,0.6000000000000001,182
2018,6,29,2,0,0,3,0.7000000000000001,193
2018,6,29,2,30,0,0,0.7000000000000001,197
2018,6,29,3,0,0,7,0.8,201
2018,6,29,3,30,0,7,0.8,201
2018,6,29,4,0,0,7,0.8,200
2018,6,29,4,30,0,3,0.6000000000000001,200
2018,6,29,5,0,25,3,0.5,200
2018,6,29,5,30,138,0,0.30000000000000004,210
2018,6,29,6,0,123,3,0.1,220
2018,6,29,6,30,384,0,0.1,216
2018,6,29,7,0,613,0,0.1,212
2018,6,29,7,30,678,0,0.1,222
2018,6,29,8,0,725,0,0.1,232
2018,6,29,8,30,760,0,0.1,228
2018,6,29,9,0,786,0,0.1,224
2018,6,29,9,30,813,0,0.1,221
2018,6,29,10,0,836,0,0.1,218
2018,6,29,10,30,848,0,0.1,219
2018,6,29,11,0,855,0,0.1,219
2018,6,29,11,30,803,0,0.1,217
2018,6,29,12,0,866,0,0.1,216
2018,6,29,12,30,838,0,0.1,214
2018,6,29,13,0,879,0,0.1,211
2018,6,29,13,30,876,0,0.1,210
2018,6,29,14,0,872,0,0.1,209
2018,6,29,14,30,863,0,0.1,208
2018,6,29,15,0,852,0,0.2,208
2018,6,29,15,30,836,0,0.2,206
2018,6,29,16,0,817,0,0.2,204
2018,6,29,16,30,790,0,0.2,199
2018,6,29,17,0,755,0,0.2,194
2018,6,29,17,30,707,0,0.2,188
2018,6,29,18,0,641,0,0.2,182
2018,6,29,18,30,551,0,0.2,182
2018,6,29,19,0,422,0,0.4,179
2018,6,29,19,30,234,0,0.30000000000000004,185
2018,6,29,20,0,29,0,0.2,190
2018,6,29,20,30,0,0,0.1,195
2018,6,29,21,0,0,0,0.1,201
2018,6,29,21,30,0,0,0.1,202
2018,6,29,22,0,0,0,0.1,204
2018,6,29,22,30,0,0,0.1,205
2018,6,29,23,0,0,0,0.1,206
2018,6,29,23,30,0,0,0.1,207
2018,6,30,0,0,0,0,0.1,207
2018,6,30,0,30,0,0,0.1,208
2018,6,30,1,0,0,0,0.1,208
2018,6,30,1,30,0,0,0.1,209
2018,6,30,2,0,0,0,0.1,210
2018,6,30,2,30,0,0,0.1,210
2018,6,30,3,0,0,0,0.1,210
2018,6,30,3,30,0,0,0.2,207
2018,6,30,4,0,0,0,0.2,203
2018,6,30,4,30,0,0,0.2,201
2018,6,30,5,0,27,0,0.1,199
2018,6,30,5,30,217,0,0.2,196
2018,6,30,6,0,370,0,0.2,193
2018,6,30,6,30,358,7,0.2,185
2018,6,30,7,0,548,7,0.1,178
2018,6,30,7,30,566,0,0.2,194
2018,6,30,8,0,694,0,0.2,209
2018,6,30,8,30,772,0,0.2,216
2018,6,30,9,0,764,0,0.2,223
2018,6,30,9,30,828,0,0.1,221
2018,6,30,10,0,739,0,0.1,219
2018,6,30,10,30,586,3,0.1,213
2018,6,30,11,0,707,0,0.1,207
2018,6,30,11,30,742,0,0.1,204
2018,6,30,12,0,431,7,0.2,201
2018,6,30,12,30,434,7,0.2,202
2018,6,30,13,0,496,7,0.2,203
2018,6,30,13,30,451,7,0.2,204
2018,6,30,14,0,434,7,0.2,205
2018,6,30,14,30,442,7,0.2,204
2018,6,30,15,0,647,7,0.2,202
2018,6,30,15,30,529,7,0.2,198
2018,6,30,16,0,412,7,0.2,193
2018,6,30,16,30,621,0,0.2,186
2018,6,30,17,0,696,0,0.30000000000000004,179
2018,6,30,17,30,688,0,0.30000000000000004,173
2018,6,30,18,0,404,3,0.30000000000000004,167
2018,6,30,18,30,292,4,0.30000000000000004,167
2018,6,30,19,0,331,0,0.5,163
2018,6,30,19,30,223,0,0.5,165
2018,6,30,20,0,28,0,0.4,168
2018,6,30,20,30,0,0,0.30000000000000004,174
2018,6,30,21,0,0,0,0.1,181
2018,6,30,21,30,0,0,0.1,184
2018,6,30,22,0,0,0,0.1,187
2018,6,30,22,30,0,0,0.1,189
2018,6,30,23,0,0,0,0.1,191
2018,6,30,23,30,0,0,0.1,193
2018,7,1,0,0,0,0,0.1,195
2018,7,1,0,30,0,0,0.1,195
2018,7,1,1,0,0,0,0.1,196
2018,7,1,1,30,0,0,0.1,195
2018,7,1,2,0,0,0,0.1,195
2018,7,1,2,30,0,0,0.1,192
2018,7,1,3,0,0,0,0.1,190
2018,7,1,3,30,0,0,0.1,186
2018,7,1,4,0,0,0,0.1,183
2018,7,1,4,30,0,0,0.1,179
2018,7,1,5,0,29,0,0.1,176
2018,7,1,5,30,227,0,0.1,172
2018,7,1,6,0,407,0,0.2,168
2018,7,1,6,30,537,0,0.2,160
2018,7,1,7,0,628,0,0.1,152
2018,7,1,7,30,696,0,0.1,156
2018,7,1,8,0,748,0,0.1,161
2018,7,1,8,30,788,0,0.1,168
2018,7,1,9,0,819,0,0.2,175
2018,7,1,9,30,841,0,0.2,171
2018,7,1,10,0,858,0,0.2,167
2018,7,1,10,30,870,0,0.2,166
2018,7,1,11,0,877,0,0.2,165
2018,7,1,11,30,881,0,0.2,166
2018,7,1,12,0,882,0,0.2,168
2018,7,1,12,30,883,0,0.2,170
2018,7,1,13,0,881,0,0.30000000000000004,173
2018,7,1,13,30,873,0,0.30000000000000004,175
2018,7,1,14,0,863,0,0.30000000000000004,178
2018,7,1,14,30,849,0,0.30000000000000004,181
2018,7,1,15,0,832,0,0.30000000000000004,183
2018,7,1,15,30,812,0,0.30000000000000004,185
2018,7,1,16,0,786,0,0.30000000000000004,186
2018,7,1,16,30,756,0,0.30000000000000004,187
2018,7,1,17,0,717,0,0.30000000000000004,188
2018,7,1,17,30,665,0,0.2,186
2018,7,1,18,0,597,0,0.2,185
2018,7,1,18,30,504,0,0.2,185
2018,7,1,19,0,373,0,0.1,182
2018,7,1,19,30,193,0,0.1,183
2018,7,1,20,0,21,0,0.1,184
2018,7,1,20,30,0,0,0.1,186
2018,7,1,21,0,0,0,0.1,188
2018,7,1,21,30,0,0,0.1,190
2018,7,1,22,0,0,7,0.1,193
2018,7,1,22,30,0,0,0.1,196
2018,7,1,23,0,0,0,0.1,200
2018,7,1,23,30,0,7,0.1,203
2018,7,2,0,0,0,7,0.1,205
2018,7,2,0,30,0,7,0.1,206
2018,7,2,1,0,0,7,0.1,206
2018,7,2,1,30,0,8,0.1,203
2018,7,2,2,0,0,8,0.1,200
2018,7,2,2,30,0,7,0.1,197
2018,7,2,3,0,0,7,0.1,195
2018,7,2,3,30,0,4,0.1,192
2018,7,2,4,0,0,4,0.1,189
2018,7,2,4,30,0,4,0.1,186
2018,7,2,5,0,6,4,0.1,184
2018,7,2,5,30,0,4,0.2,183
2018,7,2,6,0,4,4,0.2,182
2018,7,2,6,30,10,4,0.2,189
2018,7,2,7,0,0,4,0.2,197
2018,7,2,7,30,0,4,0.2,203
2018,7,2,8,0,0,4,0.2,209
2018,7,2,8,30,0,4,0.2,211
2018,7,2,9,0,64,4,0.2,213
2018,7,2,9,30,359,3,0.2,213
2018,7,2,10,0,570,0,0.2,213
2018,7,2,10,30,747,0,0.2,212
2018,7,2,11,0,757,0,0.2,211
2018,7,2,11,30,745,0,0.2,209
2018,7,2,12,0,307,3,0.2,207
2018,7,2,12,30,247,3,0.2,206
2018,7,2,13,0,500,7,0.2,205
2018,7,2,13,30,281,7,0.2,203
2018,7,2,14,0,143,8,0.2,201
2018,7,2,14,30,10,6,0.2,199
2018,7,2,15,0,0,6,0.2,196
2018,7,2,15,30,0,6,0.2,192
2018,7,2,16,0,3,6,0.2,188
2018,7,2,16,30,72,6,0.2,185
2018,7,2,17,0,48,6,0.1,182
2018,7,2,17,30,69,6,0.1,180
2018,7,2,18,0,4,6,0.1,178
2018,7,2,18,30,4,6,0.1,178
2018,7,2,19,0,0,7,0.1,178
2018,7,2,19,30,0,7,0.1,179
2018,7,2,20,0,3,7,0.1,179
2018,7,2,20,30,0,7,0.1,181
2018,7,2,21,0,0,7,0.1,184
2018,7,2,21,30,0,7,0.1,186
2018,7,2,22,0,0,7,0.1,189
2018,7,2,22,30,0,7,0.1,191
2018,7,2,23,0,0,7,0.1,193
2018,7,2,23,30,0,7,0.1,194
2018,7,3,0,0,0,7,0.1,195
2018,7,3,0,30,0,7,0.1,194
2018,7,3,1,0,0,7,0.1,193
2018,7,3,1,30,0,7,0.2,193
2018,7,3,2,0,0,0,0.30000000000000004,192
2018,7,3,2,30,0,0,0.4,188
2018,7,3,3,0,0,0,0.5,185
2018,7,3,3,30,0,3,0.5,176
2018,7,3,4,0,0,7,0.5,167
2018,7,3,4,30,0,7,0.4,156
2018,7,3,5,0,2,3,0.30000000000000004,145
2018,7,3,5,30,0,4,0.2,112
2018,7,3,6,0,0,4,0.1,79
2018,7,3,6,30,0,4,0.2,71
2018,7,3,7,0,26,4,0.2,63
2018,7,3,7,30,11,4,0.2,71
2018,7,3,8,0,3,4,0.1,80
2018,7,3,8,30,25,4,0.1,86
2018,7,3,9,0,104,4,0.2,91
2018,7,3,9,30,25,4,0.2,96
2018,7,3,10,0,45,4,0.2,101
2018,7,3,10,30,406,0,0.2,105
2018,7,3,11,0,718,0,0.2,109
2018,7,3,11,30,730,0,0.2,112
2018,7,3,12,0,738,0,0.1,115
2018,7,3,12,30,717,0,0.1,117
2018,7,3,13,0,520,0,0.1,120
2018,7,3,13,30,641,0,0.1,119
2018,7,3,14,0,770,0,0.1,119
2018,7,3,14,30,759,0,0.1,117
2018,7,3,15,0,677,0,0.1,115
2018,7,3,15,30,424,3,0.1,113
2018,7,3,16,0,255,3,0.1,112
2018,7,3,16,30,373,3,0.2,107
2018,7,3,17,0,548,0,0.2,101
2018,7,3,17,30,512,0,0.2,100
2018,7,3,18,0,514,0,0.2,99
2018,7,3,18,30,269,0,0.2,99
2018,7,3,19,0,281,0,0.4,106
2018,7,3,19,30,147,0,0.4,110
2018,7,3,20,0,15,0,0.5,114
2018,7,3,20,30,0,0,0.5,118
2018,7,3,21,0,0,0,0.5,122
2018,7,3,21,30,0,0,0.5,126
2018,7,3,22,0,0,0,0.4,130
2018,7,3,22,30,0,0,0.4,134
2018,7,3,23,0,0,0,0.4,138
2018,7,3,23,30,0,0,0.4,144
2018,7,4,0,0,0,0,0.4,149
2018,7,4,0,30,0,0,0.4,155
2018,7,4,1,0,0,0,0.4,161
2018,7,4,1,30,0,0,0.30000000000000004,164
2018,7,4,2,0,0,0,0.30000000000000004,167
2018,7,4,2,30,0,0,0.2,168
2018,7,4,3,0,0,0,0.2,168
2018,7,4,3,30,0,0,0.2,171
2018,7,4,4,0,0,0,0.2,173
2018,7,4,4,30,0,0,0.2,178
2018,7,4,5,0,19,0,0.1,183
2018,7,4,5,30,173,0,0.1,185
2018,7,4,6,0,295,0,0.1,188
2018,7,4,6,30,423,0,0.1,183
2018,7,4,7,0,549,0,0.1,177
2018,7,4,7,30,629,0,0.1,202
2018,7,4,8,0,680,0,0.1,227
2018,7,4,8,30,720,0,0.1,238
2018,7,4,9,0,751,0,0.0,249
2018,7,4,9,30,781,0,0.0,250
2018,7,4,10,0,661,0,0.0,252
2018,7,4,10,30,200,3,0.1,252
2018,7,4,11,0,281,3,0.1,252
2018,7,4,11,30,342,3,0.1,256
2018,7,4,12,0,810,0,0.1,259
2018,7,4,12,30,660,0,0.1,264
2018,7,4,13,0,457,0,0.1,269
2018,7,4,13,30,201,7,0.1,274
2018,7,4,14,0,309,7,0.2,280
2018,7,4,14,30,76,6,0.2,284
2018,7,4,15,0,19,6,0.2,289
2018,7,4,15,30,18,6,0.2,290
2018,7,4,16,0,20,6,0.2,291
2018,7,4,16,30,163,7,0.2,285
2018,7,4,17,0,310,7,0.2,280
2018,7,4,17,30,324,7,0.2,273
2018,7,4,18,0,363,7,0.2,267
2018,7,4,18,30,332,7,0.2,267
2018,7,4,19,0,264,7,0.30000000000000004,260
2018,7,4,19,30,139,7,0.4,262
2018,7,4,20,0,14,7,0.4,265
2018,7,4,20,30,0,7,0.4,268
2018,7,4,21,0,0,7,0.4,272
2018,7,4,21,30,0,7,0.4,271
2018,7,4,22,0,0,7,0.4,270
2018,7,4,22,30,0,7,0.4,265
2018,7,4,23,0,0,3,0.5,261
2018,7,4,23,30,0,7,0.5,252
2018,7,5,0,0,0,7,0.6000000000000001,244
2018,7,5,0,30,0,7,0.5,231
2018,7,5,1,0,0,7,0.5,218
2018,7,5,1,30,0,7,0.4,211
2018,7,5,2,0,0,3,0.2,204
2018,7,5,2,30,0,3,0.1,199
2018,7,5,3,0,0,3,0.1,194
2018,7,5,3,30,0,0,0.1,193
2018,7,5,4,0,0,0,0.1,193
2018,7,5,4,30,0,0,0.1,193
2018,7,5,5,0,3,7,0.1,192
2018,7,5,5,30,47,4,0.1,193
2018,7,5,6,0,132,3,0.1,195
2018,7,5,6,30,129,4,0.1,202
2018,7,5,7,0,18,4,0.1,209
2018,7,5,7,30,3,4,0.2,222
2018,7,5,8,0,232,3,0.2,236
2018,7,5,8,30,695,0,0.2,247
2018,7,5,9,0,721,0,0.2,258
2018,7,5,9,30,715,0,0.2,262
2018,7,5,10,0,693,0,0.2,266
2018,7,5,10,30,708,0,0.2,266
2018,7,5,11,0,718,0,0.2,265
2018,7,5,11,30,694,0,0.2,263
2018,7,5,12,0,702,0,0.2,261
2018,7,5,12,30,688,0,0.2,259
2018,7,5,13,0,553,0,0.2,258
2018,7,5,13,30,257,3,0.2,258
2018,7,5,14,0,151,7,0.2,259
2018,7,5,14,30,90,6,0.2,260
2018,7,5,15,0,61,6,0.2,260
2018,7,5,15,30,57,7,0.2,260
2018,7,5,16,0,74,7,0.2,260
2018,7,5,16,30,22,6,0.2,259
2018,7,5,17,0,1,9,0.2,257
2018,7,5,17,30,0,9,0.2,254
2018,7,5,18,0,0,9,0.2,250
2018,7,5,18,30,0,9,0.2,250
2018,7,5,19,0,0,9,0.1,236
2018,7,5,19,30,0,6,0.1,233
2018,7,5,20,0,4,6,0.1,229
2018,7,5,20,30,0,6,0.1,227
2018,7,5,21,0,0,6,0.2,226
2018,7,5,21,30,0,6,0.1,227
2018,7,5,22,0,0,6,0.1,228
2018,7,5,22,30,0,6,0.1,231
2018,7,5,23,0,0,6,0.1,234
2018,7,5,23,30,0,6,0.1,239
2018,7,6,0,0,0,6,0.1,245
2018,7,6,0,30,0,6,0.1,255
2018,7,6,1,0,0,6,0.1,264
2018,7,6,1,30,0,7,0.1,280
2018,7,6,2,0,0,7,0.1,297
2018,7,6,2,30,0,7,0.2,315
2018,7,6,3,0,0,7,0.2,333
2018,7,6,3,30,0,6,0.2,340
2018,7,6,4,0,0,7,0.30000000000000004,347
2018,7,6,4,30,0,7,0.30000000000000004,350
2018,7,6,5,0,0,7,0.30000000000000004,353
2018,7,6,5,30,0,7,0.30000000000000004,353
2018,7,6,6,0,0,7,0.30000000000000004,354
2018,7,6,6,30,1,7,0.30000000000000004,356
2018,7,6,7,0,0,4,0.30000000000000004,357
2018,7,6,7,30,0,4,0.30000000000000004,180
2018,7,6,8,0,0,4,0.30000000000000004,2
2018,7,6,8,30,12,3,0.30000000000000004,1
2018,7,6,9,0,223,3,0.30000000000000004,1
2018,7,6,9,30,240,3,0.4,177
2018,7,6,10,0,118,3,0.4,354
2018,7,6,10,30,521,3,0.4,352
2018,7,6,11,0,710,0,0.4,351
2018,7,6,11,30,866,0,0.4,351
2018,7,6,12,0,943,0,0.5,352
2018,7,6,12,30,741,0,0.5,353
2018,7,6,13,0,880,0,0.5,354
2018,7,6,13,30,919,0,0.4,356
2018,7,6,14,0,933,0,0.4,357
2018,7,6,14,30,922,0,0.4,179
2018,7,6,15,0,906,0,0.4,0
2018,7,6,15,30,888,0,0.4,2
2018,7,6,16,0,864,0,0.4,4
2018,7,6,16,30,838,0,0.4,5
2018,7,6,17,0,803,0,0.30000000000000004,6
2018,7,6,17,30,758,0,0.30000000000000004,7
2018,7,6,18,0,700,0,0.30000000000000004,7
2018,7,6,18,30,610,0,0.30000000000000004,7
2018,7,6,19,0,488,0,0.2,6
2018,7,6,19,30,297,0,0.2,6
2018,7,6,20,0,42,0,0.1,6
2018,7,6,20,30,0,0,0.1,7
2018,7,6,21,0,0,0,0.1,9
2018,7,6,21,30,0,0,0.1,11
2018,7,6,22,0,0,0,0.1,14
2018,7,6,22,30,0,0,0.1,18
2018,7,6,23,0,0,0,0.1,23
2018,7,6,23,30,0,0,0.1,28
2018,7,7,0,0,0,0,0.1,33
2018,7,7,0,30,0,0,0.1,38
2018,7,7,1,0,0,0,0.1,44
2018,7,7,1,30,0,0,0.1,48
2018,7,7,2,0,0,0,0.1,53
2018,7,7,2,30,0,0,0.1,55
2018,7,7,3,0,0,0,0.1,58
2018,7,7,3,30,0,0,0.1,59
2018,7,7,4,0,0,0,0.1,59
2018,7,7,4,30,0,0,0.1,60
2018,7,7,5,0,24,0,0.1,62
2018,7,7,5,30,306,0,0.2,63
2018,7,7,6,0,515,0,0.2,64
2018,7,7,6,30,648,0,0.2,72
2018,7,7,7,0,739,0,0.30000000000000004,81
2018,7,7,7,30,800,0,0.30000000000000004,86
2018,7,7,8,0,845,0,0.30000000000000004,92
2018,7,7,8,30,880,0,0.30000000000000004,92
2018,7,7,9,0,908,0,0.30000000000000004,91
2018,7,7,9,30,926,0,0.30000000000000004,89
2018,7,7,10,0,939,0,0.30000000000000004,87
2018,7,7,10,30,952,0,0.30000000000000004,86
2018,7,7,11,0,961,0,0.30000000000000004,84
2018,7,7,11,30,965,0,0.30000000000000004,83
2018,7,7,12,0,969,0,0.30000000000000004,83
2018,7,7,12,30,970,0,0.2,83
2018,7,7,13,0,970,0,0.2,84
2018,7,7,13,30,966,0,0.2,85
2018,7,7,14,0,960,0,0.2,86
2018,7,7,14,30,950,0,0.2,85
2018,7,7,15,0,937,0,0.2,84
2018,7,7,15,30,920,0,0.2,83
2018,7,7,16,0,896,0,0.2,83
2018,7,7,16,30,868,0,0.2,84
2018,7,7,17,0,831,0,0.2,85
2018,7,7,17,30,786,0,0.2,88
2018,7,7,18,0,724,0,0.2,91
2018,7,7,18,30,636,0,0.2,91
2018,7,7,19,0,507,0,0.1,94
2018,7,7,19,30,309,0,0.1,93
2018,7,7,20,0,26,0,0.1,92
2018,7,7,20,30,0,0,0.1,92
2018,7,7,21,0,0,0,0.1,92
2018,7,7,21,30,0,0,0.1,94
2018,7,7,22,0,0,0,0.1,96
2018,7,7,22,30,0,0,0.1,99
2018,7,7,23,0,0,0,0.1,102
2018,7,7,23,30,0,0,0.1,106
2018,7,8,0,0,0,0,0.1,109
2018,7,8,0,30,0,0,0.1,114
2018,7,8,1,0,0,0,0.1,119
2018,7,8,1,30,0,0,0.1,123
2018,7,8,2,0,0,0,0.1,127
2018,7,8,2,30,0,0,0.1,127
2018,7,8,3,0,0,3,0.1,127
2018,7,8,3,30,0,7,0.1,125
2018,7,8,4,0,0,7,0.1,123
2018,7,8,4,30,0,7,0.1,123
2018,7,8,5,0,23,7,0.1,123
2018,7,8,5,30,50,4,0.1,124
2018,7,8,6,0,207,4,0.2,126
2018,7,8,6,30,551,7,0.2,130
2018,7,8,7,0,736,0,0.1,134
2018,7,8,7,30,799,0,0.2,149
2018,7,8,8,0,846,0,0.2,164
2018,7,8,8,30,881,0,0.2,160
2018,7,8,9,0,906,0,0.2,156
2018,7,8,9,30,926,0,0.2,151
2018,7,8,10,0,943,0,0.1,147
2018,7,8,10,30,955,0,0.1,143
2018,7,8,11,0,964,0,0.1,139
2018,7,8,11,30,969,0,0.1,138
2018,7,8,12,0,970,0,0.1,138
2018,7,8,12,30,919,0,0.1,139
2018,7,8,13,0,925,0,0.1,140
2018,7,8,13,30,965,0,0.1,141
2018,7,8,14,0,958,0,0.1,142
2018,7,8,14,30,946,0,0.1,143
2018,7,8,15,0,932,0,0.1,144
2018,7,8,15,30,916,0,0.2,145
2018,7,8,16,0,894,0,0.2,146
2018,7,8,16,30,866,0,0.1,147
2018,7,8,17,0,829,0,0.1,149
2018,7,8,17,30,782,0,0.1,147
2018,7,8,18,0,717,0,0.2,146
2018,7,8,18,30,629,0,0.2,146
2018,7,8,19,0,499,0,0.5,144
2018,7,8,19,30,301,0,0.5,149
2018,7,8,20,0,25,0,0.5,154
2018,7,8,20,30,0,0,0.4,161
2018,7,8,21,0,0,0,0.30000000000000004,167
2018,7,8,21,30,0,0,0.30000000000000004,175
2018,7,8,22,0,0,0,0.30000000000000004,183
2018,7,8,22,30,0,0,0.30000000000000004,190
2018,7,8,23,0,0,0,0.30000000000000004,196
2018,7,8,23,30,0,0,0.30000000000000004,201
2018,7,9,0,0,0,0,0.30000000000000004,205
2018,7,9,0,30,0,0,0.30000000000000004,209
2018,7,9,1,0,0,0,0.30000000000000004,212
2018,7,9,1,30,0,0,0.30000000000000004,215
2018,7,9,2,0,0,0,0.30000000000000004,218
2018,7,9,2,30,0,0,0.4,221
2018,7,9,3,0,0,0,0.4,225
2018,7,9,3,30,0,0,0.4,228
2018,7,9,4,0,0,0,0.5,232
2018,7,9,4,30,0,0,0.5,235
2018,7,9,5,0,20,0,0.4,239
2018,7,9,5,30,271,0,0.30000000000000004,250
2018,7,9,6,0,473,0,0.2,260
2018,7,9,6,30,607,0,0.1,246
2018,7,9,7,0,698,0,0.1,232
2018,7,9,7,30,765,0,0.1,250
2018,7,9,8,0,816,0,0.2,268
2018,7,9,8,30,852,0,0.2,271
2018,7,9,9,0,879,0,0.2,274
2018,7,9,9,30,897,0,0.2,270
2018,7,9,10,0,908,0,0.2,266
2018,7,9,10,30,919,0,0.2,266
2018,7,9,11,0,926,0,0.2,266
2018,7,9,11,30,931,0,0.2,266
2018,7,9,12,0,932,0,0.2,266
2018,7,9,12,30,935,0,0.2,266
2018,7,9,13,0,936,0,0.2,266
2018,7,9,13,30,928,0,0.2,268
2018,7,9,14,0,883,0,0.2,271
2018,7,9,14,30,585,2,0.2,275
2018,7,9,15,0,813,0,0.2,279
2018,7,9,15,30,694,0,0.2,280
2018,7,9,16,0,703,0,0.2,282
2018,7,9,16,30,652,0,0.2,281
2018,7,9,17,0,721,0,0.2,280
2018,7,9,17,30,703,0,0.2,279
2018,7,9,18,0,633,0,0.2,278
2018,7,9,18,30,540,0,0.2,278
2018,7,9,19,0,408,0,0.6000000000000001,278
2018,7,9,19,30,220,0,0.7000000000000001,271
2018,7,9,20,0,15,0,0.8,264
2018,7,9,20,30,0,0,0.8,258
2018,7,9,21,0,0,3,0.7000000000000001,252
2018,7,9,21,30,0,0,0.6000000000000001,251
2018,7,9,22,0,0,0,0.5,250
2018,7,9,22,30,0,0,0.30000000000000004,254
2018,7,9,23,0,0,0,0.2,259
2018,7,9,23,30,0,0,0.2,269
2018,7,10,0,0,0,0,0.1,280
2018,7,10,0,30,0,0,0.1,286
2018,7,10,1,0,0,0,0.1,292
2018,7,10,1,30,0,0,0.1,296
2018,7,10,2,0,0,0,0.1,299
2018,7,10,2,30,0,0,0.1,297
2018,7,10,3,0,0,0,0.1,295
2018,7,10,3,30,0,0,0.1,290
2018,7,10,4,0,0,0,0.1,284
2018,7,10,4,30,0,0,0.1,280
2018,7,10,5,0,12,0,0.1,276
2018,7,10,5,30,191,0,0.1,272
2018,7,10,6,0,381,0,0.2,268
2018,7,10,6,30,517,0,0.2,265
2018,7,10,7,0,612,0,0.2,261
2018,7,10,7,30,682,0,0.2,275
2018,7,10,8,0,735,0,0.2,288
2018,7,10,8,30,775,0,0.2,290
2018,7,10,9,0,805,0,0.2,291
2018,7,10,9,30,829,0,0.2,287
2018,7,10,10,0,846,0,0.2,283
2018,7,10,10,30,859,0,0.30000000000000004,280
2018,7,10,11,0,867,0,0.30000000000000004,278
2018,7,10,11,30,634,0,0.30000000000000004,278
2018,7,10,12,0,796,0,0.30000000000000004,278
2018,7,10,12,30,668,0,0.30000000000000004,281
2018,7,10,13,0,474,3,0.30000000000000004,284
2018,7,10,13,30,215,3,0.30000000000000004,290
2018,7,10,14,0,215,3,0.30000000000000004,296
2018,7,10,14,30,369,3,0.30000000000000004,302
2018,7,10,15,0,520,0,0.30000000000000004,309
2018,7,10,15,30,536,7,0.30000000000000004,315
2018,7,10,16,0,369,7,0.30000000000000004,321
2018,7,10,16,30,434,7,0.30000000000000004,326
2018,7,10,17,0,245,4,0.30000000000000004,331
2018,7,10,17,30,90,4,0.30000000000000004,336
2018,7,10,18,0,33,3,0.2,342
2018,7,10,18,30,182,3,0.2,342
2018,7,10,19,0,248,0,0.2,352
2018,7,10,19,30,104,0,0.2,356
2018,7,10,20,0,5,0,0.2,359
2018,7,10,20,30,0,0,0.2,181
2018,7,10,21,0,0,0,0.2,3
2018,7,10,21,30,0,0,0.2,4
2018,7,10,22,0,0,0,0.2,6
2018,7,10,22,30,0,0,0.2,7
2018,7,10,23,0,0,7,0.2,9
2018,7,10,23,30,0,0,0.2,10
2018,7,11,0,0,0,0,0.2,12
2018,7,11,0,30,0,0,0.2,11
2018,7,11,1,0,0,0,0.1,11
2018,7,11,1,30,0,0,0.1,11
2018,7,11,2,0,0,0,0.1,10
2018,7,11,2,30,0,0,0.1,10
2018,7,11,3,0,0,0,0.1,10
2018,7,11,3,30,0,0,0.1,11
2018,7,11,4,0,0,0,0.1,11
2018,7,11,4,30,0,0,0.1,12
2018,7,11,5,0,10,0,0.1,13
2018,7,11,5,30,171,0,0.2,11
2018,7,11,6,0,348,0,0.2,10
2018,7,11,6,30,481,0,0.2,16
2018,7,11,7,0,576,0,0.2,22
2018,7,11,7,30,649,0,0.2,24
2018,7,11,8,0,703,0,0.30000000000000004,26
2018,7,11,8,30,745,0,0.30000000000000004,25
2018,7,11,9,0,778,0,0.30000000000000004,23
2018,7,11,9,30,813,0,0.30000000000000004,21
2018,7,11,10,0,844,0,0.30000000000000004,18
2018,7,11,10,30,857,0,0.30000000000000004,15
2018,7,11,11,0,866,0,0.30000000000000004,12
2018,7,11,11,30,872,0,0.30000000000000004,9
2018,7,11,12,0,874,0,0.30000000000000004,5
2018,7,11,12,30,880,0,0.30000000000000004,183
2018,7,11,13,0,743,0,0.30000000000000004,360
2018,7,11,13,30,618,0,0.30000000000000004,359
2018,7,11,14,0,715,0,0.30000000000000004,358
2018,7,11,14,30,683,0,0.30000000000000004,359
2018,7,11,15,0,606,0,0.30000000000000004,360
2018,7,11,15,30,565,0,0.30000000000000004,181
2018,7,11,16,0,582,0,0.30000000000000004,2
2018,7,11,16,30,668,0,0.30000000000000004,4
2018,7,11,17,0,641,0,0.30000000000000004,6
2018,7,11,17,30,269,3,0.30000000000000004,8
2018,7,11,18,0,279,3,0.2,11
2018,7,11,18,30,458,0,0.2,11
2018,7,11,19,0,330,0,0.1,15
2018,7,11,19,30,163,0,0.1,19
2018,7,11,20,0,10,0,0.1,23
2018,7,11,20,30,0,0,0.1,27
2018,7,11,21,0,0,3,0.1,31
2018,7,11,21,30,0,0,0.1,34
2018,7,11,22,0,0,7,0.1,38
2018,7,11,22,30,0,7,0.1,42
2018,7,11,23,0,0,0,0.1,45
2018,7,11,23,30,0,0,0.1,47
2018,7,12,0,0,0,0,0.1,48
2018,7,12,0,30,0,0,0.1,49
2018,7,12,1,0,0,0,0.1,50
2018,7,12,1,30,0,0,0.1,51
2018,7,12,2,0,0,0,0.1,52
2018,7,12,2,30,0,0,0.1,54
2018,7,12,3,0,0,0,0.1,56
2018,7,12,3,30,0,0,0.1,60
2018,7,12,4,0,0,0,0.1,64
2018,7,12,4,30,0,0,0.1,66
2018,7,12,5,0,11,0,0.1,68
2018,7,12,5,30,195,0,0.1,69
2018,7,12,6,0,401,0,0.2,69
2018,7,12,6,30,544,0,0.2,73
2018,7,12,7,0,648,0,0.2,76
2018,7,12,7,30,720,0,0.2,81
2018,7,12,8,0,777,0,0.2,87
2018,7,12,8,30,818,0,0.2,88
2018,7,12,9,0,849,0,0.2,90
2018,7,12,9,30,873,0,0.2,83
2018,7,12,10,0,890,0,0.2,76
2018,7,12,10,30,616,7,0.2,69
2018,7,12,11,0,741,0,0.2,62
2018,7,12,11,30,788,0,0.2,61
2018,7,12,12,0,608,7,0.2,59
2018,7,12,12,30,411,7,0.1,62
2018,7,12,13,0,678,7,0.1,64
2018,7,12,13,30,911,0,0.1,68
2018,7,12,14,0,904,0,0.1,72
2018,7,12,14,30,847,0,0.2,77
2018,7,12,15,0,569,7,0.2,83
2018,7,12,15,30,379,7,0.2,87
2018,7,12,16,0,490,7,0.2,90
2018,7,12,16,30,347,7,0.2,95
2018,7,12,17,0,383,7,0.2,99
2018,7,12,17,30,276,7,0.2,101
2018,7,12,18,0,284,7,0.1,103
2018,7,12,18,30,442,0,0.1,103
2018,7,12,19,0,323,0,0.2,98
2018,7,12,19,30,90,3,0.2,99
2018,7,12,20,0,13,0,0.2,101
2018,7,12,20,30,0,0,0.1,104
2018,7,12,21,0,0,7,0.1,107
2018,7,12,21,30,0,3,0.1,110
2018,7,12,22,0,0,0,0.1,114
2018,7,12,22,30,0,0,0.1,116
2018,7,12,23,0,0,0,0.1,119
2018,7,12,23,30,0,0,0.1,120
2018,7,13,0,0,0,0,0.1,122
2018,7,13,0,30,0,0,0.1,124
2018,7,13,1,0,0,0,0.1,126
2018,7,13,1,30,0,0,0.1,127
2018,7,13,2,0,0,0,0.1,128
2018,7,13,2,30,0,0,0.1,129
2018,7,13,3,0,0,0,0.1,130
2018,7,13,3,30,0,0,0.1,131
2018,7,13,4,0,0,3,0.1,132
2018,7,13,4,30,0,7,0.1,132
2018,7,13,5,0,0,3,0.1,133
2018,7,13,5,30,58,3,0.1,130
2018,7,13,6,0,287,0,0.1,128
2018,7,13,6,30,479,0,0.1,125
2018,7,13,7,0,580,0,0.1,122
2018,7,13,7,30,653,0,0.1,145
2018,7,13,8,0,708,0,0.1,167
2018,7,13,8,30,750,0,0.1,176
2018,7,13,9,0,783,0,0.1,185
2018,7,13,9,30,809,0,0.1,180
2018,7,13,10,0,830,0,0.0,175
2018,7,13,10,30,844,0,0.1,168
2018,7,13,11,0,854,0,0.1,161
2018,7,13,11,30,860,0,0.1,166
2018,7,13,12,0,862,0,0.2,170
2018,7,13,12,30,863,0,0.2,175
2018,7,13,13,0,860,0,0.2,181
2018,7,13,13,30,853,0,0.2,186
2018,7,13,14,0,841,0,0.2,192
2018,7,13,14,30,828,0,0.2,197
2018,7,13,15,0,518,0,0.2,202
2018,7,13,15,30,649,0,0.2,204
2018,7,13,16,0,728,0,0.2,207
2018,7,13,16,30,728,0,0.1,208
2018,7,13,17,0,684,0,0.1,209
2018,7,13,17,30,629,0,0.1,208
2018,7,13,18,0,556,0,0.1,207
2018,7,13,18,30,458,0,0.1,207
2018,7,13,19,0,327,0,0.4,196
2018,7,13,19,30,154,0,0.4,198
2018,7,13,20,0,9,0,0.4,200
2018,7,13,20,30,0,0,0.30000000000000004,203
2018,7,13,21,0,0,0,0.2,206
2018,7,13,21,30,0,0,0.1,206
2018,7,13,22,0,0,0,0.1,206
2018,7,13,22,30,0,0,0.1,208
2018,7,13,23,0,0,0,0.1,211
2018,7,13,23,30,0,0,0.1,212
2018,7,14,0,0,0,0,0.1,213
2018,7,14,0,30,0,0,0.1,212
2018,7,14,1,0,0,0,0.1,211
2018,7,14,1,30,0,0,0.1,208
2018,7,14,2,0,0,0,0.1,206
2018,7,14,2,30,0,0,0.1,204
2018,7,14,3,0,0,0,0.1,202
2018,7,14,3,30,0,0,0.1,199
2018,7,14,4,0,0,0,0.1,197
2018,7,14,4,30,0,0,0.1,194
2018,7,14,5,0,0,0,0.1,191
2018,7,14,5,30,109,0,0.1,187
2018,7,14,6,0,280,0,0.2,183
2018,7,14,6,30,348,0,0.2,185
2018,7,14,7,0,483,0,0.2,187
2018,7,14,7,30,551,0,0.2,192
2018,7,14,8,0,611,0,0.2,197
2018,7,14,8,30,689,0,0.2,193
2018,7,14,9,0,722,0,0.2,189
2018,7,14,9,30,735,0,0.2,191
2018,7,14,10,0,739,0,0.2,193
2018,7,14,10,30,727,0,0.2,196
2018,7,14,11,0,740,0,0.2,199
2018,7,14,11,30,338,3,0.2,200
2018,7,14,12,0,299,3,0.2,201
2018,7,14,12,30,432,3,0.2,203
2018,7,14,13,0,566,0,0.2,205
2018,7,14,13,30,530,7,0.2,212
2018,7,14,14,0,523,3,0.2,219
2018,7,14,14,30,465,3,0.2,228
2018,7,14,15,0,577,0,0.2,237
2018,7,14,15,30,425,3,0.2,244
2018,7,14,16,0,351,3,0.2,251
2018,7,14,16,30,259,3,0.2,257
2018,7,14,17,0,421,3,0.2,264
2018,7,14,17,30,406,3,0.2,267
2018,7,14,18,0,265,3,0.2,270
2018,7,14,18,30,301,0,0.2,270
2018,7,14,19,0,218,0,0.4,255
2018,7,14,19,30,72,0,0.4,259
2018,7,14,20,0,3,0,0.30000000000000004,264
2018,7,14,20,30,0,4,0.30000000000000004,270
2018,7,14,21,0,0,4,0.2,277
2018,7,14,21,30,0,4,0.1,265
2018,7,14,22,0,0,8,0.1,254
2018,7,14,22,30,0,4,0.2,237
2018,7,14,23,0,0,7,0.2,221
2018,7,14,23,30,0,8,0.30000000000000004,213
2018,7,15,0,0,0,8,0.4,205
2018,7,15,0,30,0,8,0.30000000000000004,202
2018,7,15,1,0,0,8,0.30000000000000004,198
2018,7,15,1,30,0,7,0.30000000000000004,199
2018,7,15,2,0,0,7,0.30000000000000004,199
2018,7,15,2,30,0,4,0.30000000000000004,204
2018,7,15,3,0,0,7,0.30000000000000004,208
2018,7,15,3,30,0,7,0.30000000000000004,210
2018,7,15,4,0,0,7,0.30000000000000004,212
2018,7,15,4,30,0,7,0.2,212
2018,7,15,5,0,0,8,0.1,213
2018,7,15,5,30,4,8,0.1,218
2018,7,15,6,0,0,8,0.1,222
2018,7,15,6,30,0,4,0.1,224
2018,7,15,7,0,4,4,0.1,225
2018,7,15,7,30,6,4,0.1,222
2018,7,15,8,0,95,4,0.1,219
2018,7,15,8,30,352,7,0.1,226
2018,7,15,9,0,527,0,0.1,233
2018,7,15,9,30,453,3,0.2,234
2018,7,15,10,0,276,3,0.2,234
2018,7,15,10,30,662,0,0.2,236
2018,7,15,11,0,542,3,0.2,237
2018,7,15,11,30,447,3,0.2,242
2018,7,15,12,0,798,0,0.2,246
2018,7,15,12,30,800,0,0.2,253
2018,7,15,13,0,780,0,0.2,260
2018,7,15,13,30,768,0,0.2,265
2018,7,15,14,0,750,0,0.2,269
2018,7,15,14,30,716,0,0.2,271
2018,7,15,15,0,621,0,0.2,272
2018,7,15,15,30,366,3,0.2,270
2018,7,15,16,0,299,3,0.2,269
2018,7,15,16,30,244,3,0.2,267
2018,7,15,17,0,169,3,0.2,266
2018,7,15,17,30,313,3,0.2,262
2018,7,15,18,0,79,7,0.1,259
2018,7,15,18,30,0,7,0.1,259
2018,7,15,19,0,0,6,0.30000000000000004,225
2018,7,15,19,30,4,6,0.30000000000000004,221
2018,7,15,20,0,4,6,0.30000000000000004,217
2018,7,15,20,30,0,8,0.30000000000000004,211
2018,7,15,21,0,0,3,0.2,206
2018,7,15,21,30,0,3,0.1,203
2018,7,15,22,0,0,3,0.1,200
2018,7,15,22,30,0,3,0.1,202
2018,7,15,23,0,0,3,0.1,204
2018,7,15,23,30,0,3,0.1,206
2018,7,16,0,0,0,0,0.1,208
2018,7,16,0,30,0,0,0.1,210
2018,7,16,1,0,0,0,0.1,212
2018,7,16,1,30,0,0,0.1,213
2018,7,16,2,0,0,3,0.1,214
2018,7,16,2,30,0,0,0.1,214
2018,7,16,3,0,0,0,0.1,214
2018,7,16,3,30,0,0,0.1,213
2018,7,16,4,0,0,0,0.1,212
2018,7,16,4,30,0,0,0.1,209
2018,7,16,5,0,0,7,0.1,205
2018,7,16,5,30,38,7,0.1,200
2018,7,16,6,0,135,0,0.1,195
2018,7,16,6,30,310,0,0.1,199
2018,7,16,7,0,405,0,0.1,202
2018,7,16,7,30,441,0,0.1,203
2018,7,16,8,0,385,3,0.2,204
2018,7,16,8,30,278,3,0.2,201
2018,7,16,9,0,391,3,0.2,198
2018,7,16,9,30,240,3,0.2,199
2018,7,16,10,0,54,4,0.2,200
2018,7,16,10,30,228,4,0.2,201
2018,7,16,11,0,226,3,0.2,202
2018,7,16,11,30,296,3,0.2,204
2018,7,16,12,0,175,3,0.30000000000000004,205
2018,7,16,12,30,214,3,0.30000000000000004,207
2018,7,16,13,0,289,3,0.30000000000000004,209
2018,7,16,13,30,195,8,0.30000000000000004,210
2018,7,16,14,0,91,8,0.30000000000000004,212
2018,7,16,14,30,100,3,0.30000000000000004,213
2018,7,16,15,0,171,3,0.30000000000000004,214
2018,7,16,15,30,652,0,0.30000000000000004,215
2018,7,16,16,0,646,0,0.2,215
2018,7,16,16,30,520,0,0.2,215
2018,7,16,17,0,13,6,0.2,215
2018,7,16,17,30,155,8,0.2,215
2018,7,16,18,0,328,7,0.1,214
2018,7,16,18,30,93,8,0.1,214
2018,7,16,19,0,41,8,0.1,217
2018,7,16,19,30,2,7,0.1,216
2018,7,16,20,0,2,6,0.1,214
2018,7,16,20,30,0,7,0.1,211
2018,7,16,21,0,0,7,0.1,208
2018,7,16,21,30,0,7,0.1,208
2018,7,16,22,0,0,7,0.1,208
2018,7,16,22,30,0,4,0.1,209
2018,7,16,23,0,0,3,0.1,209
2018,7,16,23,30,0,3,0.1,213
2018,7,17,0,0,0,0,0.1,217
2018,7,17,0,30,0,3,0.1,227
2018,7,17,1,0,0,0,0.1,237
2018,7,17,1,30,0,0,0.1,249
2018,7,17,2,0,0,0,0.1,261
2018,7,17,2,30,0,0,0.1,269
2018,7,17,3,0,0,0,0.2,278
2018,7,17,3,30,0,0,0.2,286
2018,7,17,4,0,0,0,0.1,295
2018,7,17,4,30,0,0,0.2,302
2018,7,17,5,0,0,0,0.2,309
2018,7,17,5,30,45,0,0.2,312
2018,7,17,6,0,203,0,0.30000000000000004,315
2018,7,17,6,30,358,0,0.30000000000000004,319
2018,7,17,7,0,483,0,0.30000000000000004,323
2018,7,17,7,30,580,0,0.30000000000000004,327
2018,7,17,8,0,662,0,0.30000000000000004,330
2018,7,17,8,30,724,0,0.30000000000000004,331
2018,7,17,9,0,778,0,0.4,333
2018,7,17,9,30,816,0,0.4,333
2018,7,17,10,0,850,0,0.4,334
2018,7,17,10,30,872,0,0.4,333
2018,7,17,11,0,892,0,0.4,332
2018,7,17,11,30,904,0,0.4,330
2018,7,17,12,0,742,0,0.4,327
2018,7,17,12,30,713,0,0.4,325
2018,7,17,13,0,727,0,0.4,322
2018,7,17,13,30,617,3,0.4,322
2018,7,17,14,0,662,3,0.4,321
2018,7,17,14,30,670,0,0.4,322
2018,7,17,15,0,507,0,0.4,324
2018,7,17,15,30,312,4,0.4,326
2018,7,17,16,0,504,7,0.4,328
2018,7,17,16,30,524,7,0.4,332
2018,7,17,17,0,517,7,0.4,335
2018,7,17,17,30,478,7,0.30000000000000004,339
2018,7,17,18,0,231,7,0.30000000000000004,343
2018,7,17,18,30,225,7,0.30000000000000004,343
2018,7,17,19,0,157,7,0.1,353
2018,7,17,19,30,78,7,0.1,179
2018,7,17,20,0,9,7,0.1,6
2018,7,17,20,30,0,0,0.1,10
2018,7,17,21,0,0,0,0.1,15
2018,7,17,21,30,0,0,0.1,17
2018,7,17,22,0,0,0,0.1,20
2018,7,17,22,30,0,0,0.1,21
2018,7,17,23,0,0,0,0.1,22
2018,7,17,23,30,0,0,0.1,22
2018,7,18,0,0,0,0,0.1,22
2018,7,18,0,30,0,0,0.1,21
2018,7,18,1,0,0,0,0.1,19
2018,7,18,1,30,0,0,0.1,19
2018,7,18,2,0,0,0,0.1,18
2018,7,18,2,30,0,0,0.1,18
2018,7,18,3,0,0,0,0.1,19
2018,7,18,3,30,0,0,0.1,21
2018,7,18,4,0,0,0,0.1,23
2018,7,18,4,30,0,0,0.1,26
2018,7,18,5,0,0,0,0.1,29
2018,7,18,5,30,183,0,0.2,30
2018,7,18,6,0,416,0,0.2,32
2018,7,18,6,30,565,0,0.2,27
2018,7,18,7,0,667,0,0.2,22
2018,7,18,7,30,737,0,0.2,15
2018,7,18,8,0,791,0,0.2,8
2018,7,18,8,30,832,0,0.30000000000000004,183
2018,7,18,9,0,863,0,0.30000000000000004,358
2018,7,18,9,30,747,0,0.30000000000000004,356
2018,7,18,10,0,481,3,0.30000000000000004,354
2018,7,18,10,30,461,3,0.30000000000000004,352
2018,7,18,11,0,568,0,0.30000000000000004,351
2018,7,18,11,30,252,3,0.30000000000000004,350
2018,7,18,12,0,287,3,0.30000000000000004,348
2018,7,18,12,30,203,3,0.30000000000000004,346
2018,7,18,13,0,419,3,0.30000000000000004,343
2018,7,18,13,30,778,0,0.30000000000000004,342
2018,7,18,14,0,440,3,0.30000000000000004,340
2018,7,18,14,30,431,3,0.30000000000000004,340
2018,7,18,15,0,620,0,0.30000000000000004,339
2018,7,18,15,30,535,0,0.30000000000000004,339
2018,7,18,16,0,658,0,0.30000000000000004,338
2018,7,18,16,30,530,0,0.2,338
2018,7,18,17,0,467,3,0.2,338
2018,7,18,17,30,648,0,0.2,338
2018,7,18,18,0,695,0,0.2,338
2018,7,18,18,30,602,0,0.2,338
2018,7,18,19,0,465,0,0.2,335
2018,7,18,19,30,236,0,0.2,341
2018,7,18,20,0,0,0,0.1,348
2018,7,18,20,30,0,0,0.1,353
2018,7,18,21,0,0,0,0.1,357
2018,7,18,21,30,0,0,0.1,183
2018,7,18,22,0,0,0,0.1,10
2018,7,18,22,30,0,0,0.1,18
2018,7,18,23,0,0,0,0.1,26
2018,7,18,23,30,0,0,0.1,36
2018,7,19,0,0,0,0,0.1,45
2018,7,19,0,30,0,0,0.1,53
2018,7,19,1,0,0,0,0.1,61
2018,7,19,1,30,0,0,0.1,67
2018,7,19,2,0,0,0,0.1,72
2018,7,19,2,30,0,0,0.1,77
2018,7,19,3,0,0,0,0.1,82
2018,7,19,3,30,0,0,0.1,87
2018,7,19,4,0,0,0,0.1,92
2018,7,19,4,30,0,0,0.1,96
2018,7,19,5,0,0,0,0.1,100
2018,7,19,5,30,170,0,0.1,100
2018,7,19,6,0,326,0,0.1,101
2018,7,19,6,30,360,3,0.1,104
2018,7,19,7,0,659,0,0.1,107
2018,7,19,7,30,728,0,0.1,116
2018,7,19,8,0,778,0,0.2,125
2018,7,19,8,30,818,0,0.2,128
2018,7,19,9,0,835,0,0.2,131
2018,7,19,9,30,808,0,0.2,133
2018,7,19,10,0,817,0,0.2,135
2018,7,19,10,30,663,7,0.2,137
2018,7,19,11,0,576,7,0.2,139
2018,7,19,11,30,449,7,0.2,141
2018,7,19,12,0,437,7,0.2,143
2018,7,19,12,30,525,7,0.2,145
2018,7,19,13,0,704,7,0.2,147
2018,7,19,13,30,643,7,0.2,148
2018,7,19,14,0,670,7,0.2,150
2018,7,19,14,30,685,7,0.2,151
2018,7,19,15,0,844,0,0.2,152
2018,7,19,15,30,873,0,0.2,153
2018,7,19,16,0,829,0,0.2,154
2018,7,19,16,30,733,0,0.2,155
2018,7,19,17,0,776,0,0.2,156
2018,7,19,17,30,675,0,0.2,156
2018,7,19,18,0,550,7,0.1,156
2018,7,19,18,30,470,7,0.1,156
2018,7,19,19,0,341,0,0.1,156
2018,7,19,19,30,192,0,0.1,157
2018,7,19,20,0,0,0,0.1,157
2018,7,19,20,30,0,0,0.1,157
2018,7,19,21,0,0,0,0.1,157
2018,7,19,21,30,0,0,0.1,155
2018,7,19,22,0,0,0,0.1,153
2018,7,19,22,30,0,0,0.1,150
2018,7,19,23,0,0,0,0.1,147
2018,7,19,23,30,0,0,0.1,145
2018,7,20,0,0,0,0,0.1,144
2018,7,20,0,30,0,0,0.1,144
2018,7,20,1,0,0,0,0.1,143
2018,7,20,1,30,0,0,0.1,146
2018,7,20,2,0,0,0,0.1,149
2018,7,20,2,30,0,0,0.1,152
2018,7,20,3,0,0,0,0.1,155
2018,7,20,3,30,0,0,0.1,158
2018,7,20,4,0,0,0,0.1,160
2018,7,20,4,30,0,0,0.2,160
2018,7,20,5,0,0,3,0.2,160
2018,7,20,5,30,39,7,0.2,160
2018,7,20,6,0,123,3,0.30000000000000004,159
2018,7,20,6,30,166,3,0.30000000000000004,161
2018,7,20,7,0,314,3,0.30000000000000004,162
2018,7,20,7,30,446,7,0.30000000000000004,166
2018,7,20,8,0,591,0,0.30000000000000004,170
2018,7,20,8,30,621,0,0.4,173
2018,7,20,9,0,472,0,0.4,175
2018,7,20,9,30,567,0,0.4,173
2018,7,20,10,0,409,3,0.30000000000000004,171
2018,7,20,10,30,170,7,0.30000000000000004,170
2018,7,20,11,0,12,4,0.30000000000000004,169
2018,7,20,11,30,33,8,0.30000000000000004,168
2018,7,20,12,0,23,8,0.4,168
2018,7,20,12,30,32,8,0.4,167
2018,7,20,13,0,12,8,0.4,165
2018,7,20,13,30,100,8,0.4,161
2018,7,20,14,0,130,8,0.4,158
2018,7,20,14,30,13,4,0.4,159
2018,7,20,15,0,183,3,0.4,160
2018,7,20,15,30,165,3,0.4,161
2018,7,20,16,0,177,3,0.4,162
2018,7,20,16,30,33,4,0.30000000000000004,163
2018,7,20,17,0,32,4,0.30000000000000004,165
2018,7,20,17,30,175,4,0.30000000000000004,166
2018,7,20,18,0,131,4,0.2,168
2018,7,20,18,30,120,4,0.2,168
2018,7,20,19,0,68,4,0.2,166
2018,7,20,19,30,31,7,0.2,163
2018,7,20,20,0,0,7,0.2,161
2018,7,20,20,30,0,8,0.2,159
2018,7,20,21,0,0,8,0.30000000000000004,158
2018,7,20,21,30,0,7,0.30000000000000004,159
2018,7,20,22,0,0,8,0.30000000000000004,160
2018,7,20,22,30,0,8,0.30000000000000004,160
2018,7,20,23,0,0,8,0.30000000000000004,159
2018,7,20,23,30,0,7,0.2,157
2018,7,21,0,0,0,8,0.2,155
2018,7,21,0,30,0,4,0.2,153
2018,7,21,1,0,0,3,0.2,151
2018,7,21,1,30,0,4,0.2,149
2018,7,21,2,0,0,4,0.2,148
2018,7,21,2,30,0,4,0.2,146
2018,7,21,3,0,0,4,0.2,145
2018,7,21,3,30,0,4,0.30000000000000004,141
2018,7,21,4,0,0,4,0.30000000000000004,137
2018,7,21,4,30,0,4,0.30000000000000004,135
2018,7,21,5,0,0,4,0.30000000000000004,132
2018,7,21,5,30,0,4,0.30000000000000004,135
2018,7,21,6,0,0,4,0.30000000000000004,137
2018,7,21,6,30,0,4,0.4,144
2018,7,21,7,0,1,4,0.4,152
2018,7,21,7,30,6,4,0.4,157
2018,7,21,8,0,0,4,0.4,162
2018,7,21,8,30,2,8,0.30000000000000004,166
2018,7,21,9,0,8,8,0.30000000000000004,169
2018,7,21,9,30,8,4,0.30000000000000004,166
2018,7,21,10,0,5,4,0.30000000000000004,163
2018,7,21,10,30,96,4,0.30000000000000004,157
2018,7,21,11,0,59,8,0.30000000000000004,152
2018,7,21,11,30,29,4,0.4,153
2018,7,21,12,0,79,4,0.4,153
2018,7,21,12,30,70,4,0.4,153
2018,7,21,13,0,375,3,0.4,152
2018,7,21,13,30,290,7,0.4,151
2018,7,21,14,0,306,7,0.4,150
2018,7,21,14,30,246,7,0.4,149
2018,7,21,15,0,49,8,0.4,147
2018,7,21,15,30,32,4,0.30000000000000004,145
2018,7,21,16,0,157,7,0.30000000000000004,142
2018,7,21,16,30,288,7,0.30000000000000004,139
2018,7,21,17,0,27,4,0.30000000000000004,135
2018,7,21,17,30,186,3,0.30000000000000004,132
2018,7,21,18,0,58,3,0.2,130
2018,7,21,18,30,36,3,0.2,130
2018,7,21,19,0,3,3,0.1,124
2018,7,21,19,30,13,3,0.1,121
2018,7,21,20,0,0,7,0.2,119
2018,7,21,20,30,0,7,0.2,117
2018,7,21,21,0,0,0,0.2,115
2018,7,21,21,30,0,0,0.2,112
2018,7,21,22,0,0,7,0.2,108
2018,7,21,22,30,0,0,0.2,103
2018,7,21,23,0,0,0,0.2,97
2018,7,21,23,30,0,0,0.2,94
2018,7,22,0,0,0,0,0.2,91
2018,7,22,0,30,0,0,0.2,91
2018,7,22,1,0,0,7,0.2,91
2018,7,22,1,30,0,7,0.2,91
2018,7,22,2,0,0,7,0.1,92
2018,7,22,2,30,0,7,0.1,93
2018,7,22,3,0,0,7,0.1,93
2018,7,22,3,30,0,0,0.1,92
2018,7,22,4,0,0,0,0.1,90
2018,7,22,4,30,0,0,0.1,81
2018,7,22,5,0,0,0,0.1,72
2018,7,22,5,30,105,0,0.1,67
2018,7,22,6,0,319,0,0.1,61
2018,7,22,6,30,471,0,0.1,53
2018,7,22,7,0,578,0,0.1,46
2018,7,22,7,30,657,0,0.2,37
2018,7,22,8,0,717,0,0.2,29
2018,7,22,8,30,763,0,0.2,24
2018,7,22,9,0,799,0,0.2,19
2018,7,22,9,30,824,0,0.2,15
2018,7,22,10,0,842,0,0.2,11
2018,7,22,10,30,671,0,0.2,9
2018,7,22,11,0,188,2,0.2,6
2018,7,22,11,30,251,2,0.2,3
2018,7,22,12,0,452,2,0.2,1
2018,7,22,12,30,291,2,0.2,180
2018,7,22,13,0,149,3,0.2,360
2018,7,22,13,30,15,3,0.2,183
2018,7,22,14,0,84,3,0.2,6
2018,7,22,14,30,128,3,0.2,17
2018,7,22,15,0,30,3,0.1,28
2018,7,22,15,30,4,3,0.1,36
2018,7,22,16,0,16,8,0.1,43
2018,7,22,16,30,4,8,0.2,44
2018,7,22,17,0,1,8,0.2,45
2018,7,22,17,30,0,6,0.2,42
2018,7,22,18,0,0,6,0.1,39
2018,7,22,18,30,0,8,0.1,39
2018,7,22,19,0,0,4,0.1,26
2018,7,22,19,30,2,4,0.1,23
2018,7,22,20,0,0,8,0.2,19
2018,7,22,20,30,0,8,0.2,23
2018,7,22,21,0,0,8,0.2,27
2018,7,22,21,30,0,4,0.1,34
2018,7,22,22,0,0,4,0.1,41
2018,7,22,22,30,0,4,0.1,56
2018,7,22,23,0,0,4,0.1,70
2018,7,22,23,30,0,4,0.1,82
2018,7,23,0,0,0,4,0.1,95
2018,7,23,0,30,0,4,0.1,99
2018,7,23,1,0,0,4,0.1,103
2018,7,23,1,30,0,0,0.1,106
2018,7,23,2,0,0,0,0.1,109
2018,7,23,2,30,0,0,0.1,110
2018,7,23,3,0,0,0,0.1,112
2018,7,23,3,30,0,0,0.1,113
2018,7,23,4,0,0,0,0.1,114
2018,7,23,4,30,0,0,0.1,116
2018,7,23,5,0,0,0,0.1,118
2018,7,23,5,30,47,0,0.1,123
2018,7,23,6,0,177,0,0.2,127
2018,7,23,6,30,267,7,0.2,132
2018,7,23,7,0,246,7,0.2,137
2018,7,23,7,30,135,7,0.2,141
2018,7,23,8,0,33,7,0.2,144
2018,7,23,8,30,120,7,0.2,146
2018,7,23,9,0,51,4,0.2,148
2018,7,23,9,30,156,7,0.2,148
2018,7,23,10,0,269,7,0.2,149
2018,7,23,10,30,323,7,0.2,148
2018,7,23,11,0,249,4,0.2,148
2018,7,23,11,30,206,4,0.2,145
2018,7,23,12,0,258,4,0.2,143
2018,7,23,12,30,166,7,0.2,141
2018,7,23,13,0,275,7,0.2,139
2018,7,23,13,30,106,3,0.2,135
2018,7,23,14,0,166,3,0.2,132
2018,7,23,14,30,244,3,0.2,128
2018,7,23,15,0,543,0,0.2,123
2018,7,23,15,30,488,0,0.2,121
2018,7,23,16,0,504,0,0.2,119
2018,7,23,16,30,476,0,0.2,121
2018,7,23,17,0,352,0,0.2,123
2018,7,23,17,30,91,7,0.2,127
2018,7,23,18,0,31,8,0.1,130
2018,7,23,18,30,38,8,0.1,130
2018,7,23,19,0,35,3,0.1,139
2018,7,23,19,30,7,3,0.1,144
2018,7,23,20,0,0,3,0.1,150
2018,7,23,20,30,0,3,0.1,157
2018,7,23,21,0,0,3,0.1,164
2018,7,23,21,30,0,0,0.1,168
2018,7,23,22,0,0,0,0.1,172
2018,7,23,22,30,0,4,0.1,173
2018,7,23,23,0,0,7,0.1,173
2018,7,23,23,30,0,7,0.1,171
2018,7,24,0,0,0,6,0.1,170
2018,7,24,0,30,0,8,0.1,170
2018,7,24,1,0,0,4,0.1,169
2018,7,24,1,30,0,3,0.1,169
2018,7,24,2,0,0,3,0.1,169
2018,7,24,2,30,0,7,0.1,168
2018,7,24,3,0,0,3,0.1,167
2018,7,24,3,30,0,4,0.1,164
2018,7,24,4,0,0,4,0.1,162
2018,7,24,4,30,0,4,0.1,161
2018,7,24,5,0,0,0,0.1,161
2018,7,24,5,30,17,0,0.2,162
2018,7,24,6,0,104,0,0.2,163
2018,7,24,6,30,52,3,0.2,168
2018,7,24,7,0,374,0,0.30000000000000004,173
2018,7,24,7,30,208,3,0.30000000000000004,176
2018,7,24,8,0,485,0,0.30000000000000004,179
2018,7,24,8,30,661,0,0.30000000000000004,177
2018,7,24,9,0,708,0,0.30000000000000004,176
2018,7,24,9,30,602,0,0.30000000000000004,173
2018,7,24,10,0,530,0,0.30000000000000004,171
2018,7,24,10,30,199,3,0.30000000000000004,169
2018,7,24,11,0,47,3,0.30000000000000004,168
2018,7,24,11,30,30,3,0.30000000000000004,167
2018,7,24,12,0,126,4,0.30000000000000004,167
2018,7,24,12,30,134,4,0.30000000000000004,169
2018,7,24,13,0,97,7,0.30000000000000004,172
2018,7,24,13,30,186,7,0.30000000000000004,176
2018,7,24,14,0,225,7,0.30000000000000004,180
2018,7,24,14,30,203,7,0.2,184
2018,7,24,15,0,207,7,0.2,188
2018,7,24,15,30,199,7,0.2,192
2018,7,24,16,0,132,7,0.2,197
2018,7,24,16,30,49,6,0.2,204
2018,7,24,17,0,91,7,0.1,211
2018,7,24,17,30,14,7,0.1,220
2018,7,24,18,0,2,7,0.1,230
2018,7,24,18,30,0,7,0.1,230
2018,7,24,19,0,1,7,0.30000000000000004,234
2018,7,24,19,30,0,7,0.4,243
2018,7,24,20,0,0,7,0.4,252
2018,7,24,20,30,0,7,0.4,261
2018,7,24,21,0,0,8,0.4,270
2018,7,24,21,30,0,8,0.4,278
2018,7,24,22,0,0,7,0.4,285
2018,7,24,22,30,0,8,0.5,290
2018,7,24,23,0,0,8,0.5,296
2018,7,24,23,30,0,8,0.5,298
2018,7,25,0,0,0,8,0.5,301
2018,7,25,0,30,0,8,0.5,300
2018,7,25,1,0,0,7,0.5,299
2018,7,25,1,30,0,7,0.5,298
2018,7,25,2,0,0,7,0.4,296
2018,7,25,2,30,0,7,0.4,299
2018,7,25,3,0,0,3,0.30000000000000004,302
2018,7,25,3,30,0,7,0.2,304
2018,7,25,4,0,0,7,0.1,306
2018,7,25,4,30,0,3,0.1,310
2018,7,25,5,0,0,7,0.1,315
2018,7,25,5,30,3,7,0.1,318
2018,7,25,6,0,0,4,0.1,321
2018,7,25,6,30,0,4,0.2,327
2018,7,25,7,0,134,4,0.2,333
2018,7,25,7,30,307,4,0.2,331
2018,7,25,8,0,421,3,0.1,330
2018,7,25,8,30,661,0,0.1,327
2018,7,25,9,0,528,0,0.2,323
2018,7,25,9,30,43,3,0.2,320
2018,7,25,10,0,36,3,0.2,317
2018,7,25,10,30,143,3,0.2,316
2018,7,25,11,0,735,0,0.2,315
2018,7,25,11,30,483,0,0.2,316
2018,7,25,12,0,282,3,0.2,317
2018,7,25,12,30,333,3,0.30000000000000004,318
2018,7,25,13,0,284,3,0.30000000000000004,318
2018,7,25,13,30,507,0,0.30000000000000004,320
2018,7,25,14,0,159,3,0.30000000000000004,321
2018,7,25,14,30,144,3,0.30000000000000004,323
2018,7,25,15,0,262,3,0.4,325
2018,7,25,15,30,786,0,0.30000000000000004,328
2018,7,25,16,0,781,0,0.30000000000000004,331
2018,7,25,16,30,572,0,0.30000000000000004,335
2018,7,25,17,0,681,0,0.30000000000000004,340
2018,7,25,17,30,667,0,0.2,343
2018,7,25,18,0,599,0,0.2,346
2018,7,25,18,30,495,0,0.2,346
2018,7,25,19,0,349,0,0.2,338
2018,7,25,19,30,129,0,0.2,337
2018,7,25,20,0,0,0,0.30000000000000004,336
2018,7,25,20,30,0,0,0.30000000000000004,339
2018,7,25,21,0,0,0,0.30000000000000004,341
2018,7,25,21,30,0,0,0.4,345
2018,7,25,22,0,0,0,0.5,350
2018,7,25,22,30,0,0,0.5,351
2018,7,25,23,0,0,0,0.6000000000000001,352
2018,7,25,23,30,0,0,0.6000000000000001,348
2018,7,26,0,0,0,0,0.6000000000000001,344
2018,7,26,0,30,0,0,0.5,327
2018,7,26,1,0,0,0,0.4,310
2018,7,26,1,30,0,0,0.5,284
2018,7,26,2,0,0,0,0.5,259
2018,7,26,2,30,0,0,0.6000000000000001,252
2018,7,26,3,0,0,0,0.7000000000000001,244
2018,7,26,3,30,0,0,0.6000000000000001,244
2018,7,26,4,0,0,0,0.5,245
2018,7,26,4,30,0,0,0.4,241
2018,7,26,5,0,0,0,0.30000000000000004,238
2018,7,26,5,30,56,0,0.2,232
2018,7,26,6,0,246,0,0.2,226
2018,7,26,6,30,413,0,0.2,227
2018,7,26,7,0,524,0,0.2,229
2018,7,26,7,30,604,0,0.30000000000000004,239
2018,7,26,8,0,692,0,0.30000000000000004,249
2018,7,26,8,30,741,0,0.30000000000000004,252
2018,7,26,9,0,780,0,0.4,254
2018,7,26,9,30,809,0,0.4,256
2018,7,26,10,0,832,0,0.4,258
2018,7,26,10,30,847,0,0.4,260
2018,7,26,11,0,858,0,0.4,261
2018,7,26,11,30,861,0,0.4,259
2018,7,26,12,0,860,0,0.30000000000000004,257
2018,7,26,12,30,866,0,0.30000000000000004,254
2018,7,26,13,0,870,0,0.30000000000000004,251
2018,7,26,13,30,866,0,0.30000000000000004,249
2018,7,26,14,0,378,3,0.30000000000000004,247
2018,7,26,14,30,308,3,0.30000000000000004,245
2018,7,26,15,0,362,3,0.30000000000000004,243
2018,7,26,15,30,564,7,0.30000000000000004,242
2018,7,26,16,0,639,0,0.30000000000000004,240
2018,7,26,16,30,619,0,0.30000000000000004,240
2018,7,26,17,0,403,7,0.30000000000000004,240
2018,7,26,17,30,369,7,0.2,239
2018,7,26,18,0,442,7,0.2,237
2018,7,26,18,30,382,7,0.2,237
2018,7,26,19,0,262,6,0.1,233
2018,7,26,19,30,78,6,0.1,232
2018,7,26,20,0,0,6,0.1,231
2018,7,26,20,30,0,7,0.1,232
2018,7,26,21,0,0,6,0.1,234
2018,7,26,21,30,0,6,0.1,240
2018,7,26,22,0,0,6,0.1,246
2018,7,26,22,30,0,6,0.1,254
2018,7,26,23,0,0,6,0.1,262
2018,7,26,23,30,0,6,0.1,270
2018,7,27,0,0,0,6,0.1,278
2018,7,27,0,30,0,7,0.1,286
2018,7,27,1,0,0,7,0.1,294
2018,7,27,1,30,0,7,0.1,299
2018,7,27,2,0,0,7,0.1,304
2018,7,27,2,30,0,7,0.1,307
2018,7,27,3,0,0,7,0.1,310
2018,7,27,3,30,0,7,0.1,313
2018,7,27,4,0,0,7,0.1,316
2018,7,27,4,30,0,4,0.1,314
2018,7,27,5,0,0,4,0.2,311
2018,7,27,5,30,3,3,0.2,305
2018,7,27,6,0,115,0,0.2,299
2018,7,27,6,30,196,3,0.2,284
2018,7,27,7,0,395,0,0.2,269
2018,7,27,7,30,490,0,0.2,266
2018,7,27,8,0,594,0,0.2,263
2018,7,27,8,30,656,0,0.2,262
2018,7,27,9,0,562,0,0.2,261
2018,7,27,9,30,688,0,0.2,261
2018,7,27,10,0,562,0,0.2,260
2018,7,27,10,30,542,0,0.30000000000000004,261
2018,7,27,11,0,456,3,0.30000000000000004,263
2018,7,27,11,30,259,3,0.30000000000000004,264
2018,7,27,12,0,167,3,0.30000000000000004,266
2018,7,27,12,30,370,3,0.30000000000000004,268
2018,7,27,13,0,426,3,0.30000000000000004,270
2018,7,27,13,30,322,3,0.30000000000000004,272
2018,7,27,14,0,720,0,0.30000000000000004,273
2018,7,27,14,30,583,0,0.4,273
2018,7,27,15,0,664,0,0.4,274
2018,7,27,15,30,746,0,0.4,274
2018,7,27,16,0,220,3,0.4,275
2018,7,27,16,30,392,3,0.30000000000000004,278
2018,7,27,17,0,441,0,0.30000000000000004,280
2018,7,27,17,30,546,0,0.30000000000000004,284
2018,7,27,18,0,569,0,0.30000000000000004,287
2018,7,27,18,30,459,0,0.30000000000000004,287
2018,7,27,19,0,297,0,0.1,293
2018,7,27,19,30,90,0,0.1,293
2018,7,27,20,0,0,0,0.1,293
2018,7,27,20,30,0,0,0.1,291
2018,7,27,21,0,0,0,0.1,289
2018,7,27,21,30,0,0,0.1,289
2018,7,27,22,0,0,0,0.1,289
2018,7,27,22,30,0,0,0.1,290
2018,7,27,23,0,0,0,0.1,290
2018,7,27,23,30,0,0,0.1,292
2018,7,28,0,0,0,0,0.1,293
2018,7,28,0,30,0,0,0.1,296
2018,7,28,1,0,0,0,0.1,299
2018,7,28,1,30,0,0,0.1,302
2018,7,28,2,0,0,0,0.1,304
2018,7,28,2,30,0,0,0.1,307
2018,7,28,3,0,0,0,0.1,309
2018,7,28,3,30,0,0,0.1,309
2018,7,28,4,0,0,0,0.1,310
2018,7,28,4,30,0,0,0.1,308
2018,7,28,5,0,0,0,0.1,306
2018,7,28,5,30,46,0,0.1,305
2018,7,28,6,0,216,0,0.2,305
2018,7,28,6,30,374,0,0.2,304
2018,7,28,7,0,494,0,0.2,304
2018,7,28,7,30,581,0,0.2,301
2018,7,28,8,0,646,0,0.2,297
2018,7,28,8,30,696,0,0.2,296
2018,7,28,9,0,508,0,0.30000000000000004,295
2018,7,28,9,30,418,3,0.30000000000000004,296
2018,7,28,10,0,391,7,0.30000000000000004,297
2018,7,28,10,30,459,2,0.30000000000000004,298
2018,7,28,11,0,340,3,0.30000000000000004,299
2018,7,28,11,30,513,0,0.30000000000000004,300
2018,7,28,12,0,272,3,0.30000000000000004,302
2018,7,28,12,30,362,3,0.30000000000000004,303
2018,7,28,13,0,458,3,0.30000000000000004,305
2018,7,28,13,30,246,3,0.30000000000000004,306
2018,7,28,14,0,303,3,0.30000000000000004,308
2018,7,28,14,30,297,3,0.30000000000000004,308
2018,7,28,15,0,421,3,0.30000000000000004,308
2018,7,28,15,30,413,3,0.30000000000000004,308
2018,7,28,16,0,477,0,0.30000000000000004,308
2018,7,28,16,30,582,0,0.30000000000000004,309
2018,7,28,17,0,538,0,0.2,310
2018,7,28,17,30,530,0,0.2,312
2018,7,28,18,0,482,7,0.2,314
2018,7,28,18,30,406,0,0.2,314
2018,7,28,19,0,251,0,0.2,326
2018,7,28,19,30,66,7,0.30000000000000004,336
2018,7,28,20,0,0,7,0.30000000000000004,346
2018,7,28,20,30,0,3,0.30000000000000004,179
2018,7,28,21,0,0,3,0.4,12
2018,7,28,21,30,0,0,0.4,34
2018,7,28,22,0,0,0,0.4,55
2018,7,28,22,30,0,0,0.4,76
2018,7,28,23,0,0,0,0.5,96
2018,7,28,23,30,0,0,0.5,105
2018,7,29,0,0,0,0,0.5,114
2018,7,29,0,30,0,0,0.5,121
2018,7,29,1,0,0,0,0.6000000000000001,129
2018,7,29,1,30,0,3,0.6000000000000001,136
2018,7,29,2,0,0,0,0.7000000000000001,143
2018,7,29,2,30,0,0,0.6000000000000001,148
2018,7,29,3,0,0,0,0.6000000000000001,153
2018,7,29,3,30,0,0,0.6000000000000001,157
2018,7,29,4,0,0,0,0.5,161
2018,7,29,4,30,0,0,0.4,164
2018,7,29,5,0,0,0,0.30000000000000004,167
2018,7,29,5,30,45,0,0.2,176
2018,7,29,6,0,205,0,0.2,184
2018,7,29,6,30,353,0,0.2,186
2018,7,29,7,0,465,0,0.2,187
2018,7,29,7,30,541,0,0.2,195
2018,7,29,8,0,593,0,0.2,202
2018,7,29,8,30,632,0,0.2,209
2018,7,29,9,0,645,0,0.2,215
2018,7,29,9,30,599,0,0.1,224
2018,7,29,10,0,402,7,0.1,232
2018,7,29,10,30,603,0,0.1,238
2018,7,29,11,0,229,7,0.1,244
2018,7,29,11,30,237,7,0.1,255
2018,7,29,12,0,218,7,0.1,265
2018,7,29,12,30,311,7,0.1,272
2018,7,29,13,0,291,7,0.2,279
2018,7,29,13,30,371,7,0.2,287
2018,7,29,14,0,250,7,0.2,295
2018,7,29,14,30,66,6,0.2,306
2018,7,29,15,0,200,7,0.2,318
2018,7,29,15,30,163,8,0.1,330
2018,7,29,16,0,37,8,0.1,343
2018,7,29,16,30,38,8,0.1,351
2018,7,29,17,0,45,7,0.1,358
2018,7,29,17,30,27,6,0.1,190
2018,7,29,18,0,33,8,0.2,23
2018,7,29,18,30,22,7,0.2,23
2018,7,29,19,0,1,7,0.5,35
2018,7,29,19,30,4,7,0.4,42
2018,7,29,20,0,0,6,0.30000000000000004,49
2018,7,29,20,30,0,6,0.2,51
2018,7,29,21,0,0,6,0.1,53
2018,7,29,21,30,0,8,0.1,60
2018,7,29,22,0,0,7,0.1,66
2018,7,29,22,30,0,7,0.1,71
2018,7,29,23,0,0,8,0.1,76
2018,7,29,23,30,0,8,0.1,79
2018,7,30,0,0,0,6,0.1,82
2018,7,30,0,30,0,8,0.1,84
2018,7,30,1,0,0,7,0.1,85
2018,7,30,1,30,0,8,0.1,89
2018,7,30,2,0,0,8,0.1,92
2018,7,30,2,30,0,8,0.1,96
2018,7,30,3,0,0,8,0.1,99
2018,7,30,3,30,0,8,0.1,99
2018,7,30,4,0,0,8,0.1,100
2018,7,30,4,30,0,8,0.1,95
2018,7,30,5,0,0,7,0.1,91
2018,7,30,5,30,15,7,0.1,85
2018,7,30,6,0,68,4,0.1,79
2018,7,30,6,30,114,4,0.1,76
2018,7,30,7,0,82,4,0.1,73
2018,7,30,7,30,12,4,0.1,78
2018,7,30,8,0,6,7,0.1,84
2018,7,30,8,30,0,8,0.1,105
2018,7,30,9,0,2,8,0.1,126
2018,7,30,9,30,42,8,0.1,112
2018,7,30,10,0,35,4,0.1,98
2018,7,30,10,30,27,4,0.1,89
2018,7,30,11,0,208,4,0.2,81
2018,7,30,11,30,53,4,0.1,82
2018,7,30,12,0,1,4,0.1,83
2018,7,30,12,30,32,4,0.1,81
2018,7,30,13,0,460,7,0.1,78
2018,7,30,13,30,698,0,0.1,61
2018,7,30,14,0,783,0,0.1,43
2018,7,30,14,30,317,3,0.1,24
2018,7,30,15,0,111,3,0.1,4
2018,7,30,15,30,404,3,0.1,182
2018,7,30,16,0,164,3,0.1,359
2018,7,30,16,30,225,7,0.1,181
2018,7,30,17,0,316,7,0.1,3
2018,7,30,17,30,272,7,0.2,14
2018,7,30,18,0,131,7,0.2,25
2018,7,30,18,30,17,7,0.2,25
2018,7,30,19,0,4,7,0.30000000000000004,45
2018,7,30,19,30,1,7,0.2,45
2018,7,30,20,0,0,7,0.2,44
2018,7,30,20,30,0,8,0.2,42
2018,7,30,21,0,0,8,0.1,40
2018,7,30,21,30,0,8,0.1,43
2018,7,30,22,0,0,8,0.1,46
2018,7,30,22,30,0,7,0.1,49
2018,7,30,23,0,0,7,0.1,53
2018,7,30,23,30,0,7,0.1,58
2018,7,31,0,0,0,8,0.1,63
2018,7,31,0,30,0,7,0.1,69
2018,7,31,1,0,0,7,0.1,74
2018,7,31,1,30,0,8,0.1,82
2018,7,31,2,0,0,7,0.1,89
2018,7,31,2,30,0,7,0.1,97
2018,7,31,3,0,0,7,0.1,105
2018,7,31,3,30,0,4,0.1,110
2018,7,31,4,0,0,4,0.1,115
2018,7,31,4,30,0,7,0.1,115
2018,7,31,5,0,0,7,0.1,116
2018,7,31,5,30,2,7,0.1,116
2018,7,31,6,0,6,4,0.2,115
2018,7,31,6,30,107,4,0.2,114
2018,7,31,7,0,181,8,0.2,113
2018,7,31,7,30,119,8,0.2,110
2018,7,31,8,0,39,7,0.2,106
2018,7,31,8,30,0,8,0.2,102
2018,7,31,9,0,0,6,0.2,98
2018,7,31,9,30,0,6,0.30000000000000004,96
2018,7,31,10,0,0,6,0.30000000000000004,94
2018,7,31,10,30,0,6,0.30000000000000004,96
2018,7,31,11,0,0,6,0.30000000000000004,99
2018,7,31,11,30,0,6,0.30000000000000004,102
2018,7,31,12,0,0,6,0.4,105
2018,7,31,12,30,0,6,0.4,110
2018,7,31,13,0,22,8,0.4,115
2018,7,31,13,30,158,7,0.4,120
2018,7,31,14,0,286,7,0.4,125
2018,7,31,14,30,165,7,0.30000000000000004,130
2018,7,31,15,0,53,7,0.30000000000000004,135
2018,7,31,15,30,84,8,0.30000000000000004,137
2018,7,31,16,0,77,7,0.30000000000000004,139
2018,7,31,16,30,17,7,0.30000000000000004,139
2018,7,31,17,0,0,7,0.30000000000000004,138
2018,7,31,17,30,7,8,0.2,135
2018,7,31,18,0,13,7,0.2,132
2018,7,31,18,30,0,7,0.2,132
2018,7,31,19,0,0,7,0.1,130
2018,7,31,19,30,0,7,0.1,138
2018,7,31,20,0,0,7,0.2,147
2018,7,31,20,30,0,7,0.2,154
2018,7,31,21,0,0,7,0.2,161
2018,7,31,21,30,0,7,0.2,165
2018,7,31,22,0,0,7,0.2,169
2018,7,31,22,30,0,3,0.2,168
2018,7,31,23,0,0,7,0.1,167
2018,7,31,23,30,0,7,0.2,169
2018,8,1,0,0,0,7,0.2,170
2018,8,1,0,30,0,7,0.2,172
2018,8,1,1,0,0,8,0.2,174
2018,8,1,1,30,0,7,0.2,174
2018,8,1,2,0,0,7,0.2,175
2018,8,1,2,30,0,8,0.2,178
2018,8,1,3,0,0,4,0.2,180
2018,8,1,3,30,0,4,0.2,184
2018,8,1,4,0,0,4,0.2,187
2018,8,1,4,30,0,4,0.2,190
2018,8,1,5,0,0,4,0.2,194
2018,8,1,5,30,0,4,0.2,197
2018,8,1,6,0,0,4,0.2,200
2018,8,1,6,30,0,4,0.2,207
2018,8,1,7,0,0,4,0.2,214
2018,8,1,7,30,0,4,0.30000000000000004,221
2018,8,1,8,0,0,4,0.30000000000000004,229
2018,8,1,8,30,0,4,0.30000000000000004,230
2018,8,1,9,0,0,4,0.30000000000000004,232
2018,8,1,9,30,4,4,0.30000000000000004,229
2018,8,1,10,0,17,4,0.30000000000000004,226
2018,8,1,10,30,7,4,0.30000000000000004,224
2018,8,1,11,0,13,4,0.30000000000000004,222
2018,8,1,11,30,65,4,0.30000000000000004,226
2018,8,1,12,0,13,4,0.30000000000000004,230
2018,8,1,12,30,17,4,0.30000000000000004,234
2018,8,1,13,0,13,4,0.30000000000000004,238
2018,8,1,13,30,10,4,0.30000000000000004,239
2018,8,1,14,0,21,4,0.30000000000000004,241
2018,8,1,14,30,88,8,0.30000000000000004,243
2018,8,1,15,0,134,8,0.30000000000000004,244
2018,8,1,15,30,137,8,0.30000000000000004,246
2018,8,1,16,0,70,8,0.30000000000000004,248
2018,8,1,16,30,210,8,0.30000000000000004,249
2018,8,1,17,0,73,8,0.30000000000000004,251
2018,8,1,17,30,40,8,0.2,251
2018,8,1,18,0,41,4,0.2,251
2018,8,1,18,30,12,4,0.2,251
2018,8,1,19,0,2,4,0.1,246
2018,8,1,19,30,5,8,0.1,239
2018,8,1,20,0,0,7,0.1,232
2018,8,1,20,30,0,7,0.1,223
2018,8,1,21,0,0,7,0.1,213
2018,8,1,21,30,0,7,0.1,208
2018,8,1,22,0,0,7,0.1,203
2018,8,1,22,30,0,7,0.1,200
2018,8,1,23,0,0,7,0.1,196
2018,8,1,23,30,0,7,0.1,192
2018,8,2,0,0,0,7,0.1,189
2018,8,2,0,30,0,7,0.1,186
2018,8,2,1,0,0,7,0.1,184
2018,8,2,1,30,0,7,0.1,184
2018,8,2,2,0,0,7,0.1,183
2018,8,2,2,30,0,7,0.1,184
2018,8,2,3,0,0,7,0.1,185
2018,8,2,3,30,0,7,0.1,187
2018,8,2,4,0,0,7,0.1,189
2018,8,2,4,30,0,7,0.1,191
2018,8,2,5,0,0,6,0.1,193
2018,8,2,5,30,6,6,0.1,193
2018,8,2,6,0,0,6,0.1,194
2018,8,2,6,30,0,7,0.1,203
2018,8,2,7,0,1,7,0.1,213
2018,8,2,7,30,0,6,0.0,235
2018,8,2,8,0,50,7,0.0,257
2018,8,2,8,30,107,7,0.0,252
2018,8,2,9,0,184,7,0.0,246
2018,8,2,9,30,163,7,0.0,241
2018,8,2,10,0,235,7,0.0,235
2018,8,2,10,30,126,8,0.0,247
2018,8,2,11,0,160,7,0.1,259
2018,8,2,11,30,185,7,0.1,264
2018,8,2,12,0,74,8,0.1,268
2018,8,2,12,30,39,8,0.1,266
2018,8,2,13,0,53,7,0.1,264
2018,8,2,13,30,106,3,0.1,256
2018,8,2,14,0,123,7,0.1,248
2018,8,2,14,30,165,7,0.1,235
2018,8,2,15,0,271,7,0.1,223
2018,8,2,15,30,178,4,0.1,210
2018,8,2,16,0,78,4,0.1,197
2018,8,2,16,30,32,8,0.1,189
2018,8,2,17,0,18,4,0.1,180
2018,8,2,17,30,65,4,0.1,178
2018,8,2,18,0,165,7,0.1,176
2018,8,2,18,30,82,4,0.1,176
2018,8,2,19,0,29,4,0.30000000000000004,180
2018,8,2,19,30,12,7,0.30000000000000004,180
2018,8,2,20,0,0,7,0.4,179
2018,8,2,20,30,0,7,0.30000000000000004,179
2018,8,2,21,0,0,7,0.30000000000000004,178
2018,8,2,21,30,0,7,0.2,182
2018,8,2,22,0,0,7,0.1,186
2018,8,2,22,30,0,7,0.1,194
2018,8,2,23,0,0,7,0.1,202
2018,8,2,23,30,0,7,0.1,208
2018,8,3,0,0,0,7,0.1,213
2018,8,3,0,30,0,7,0.1,215
2018,8,3,1,0,0,6,0.1,218
2018,8,3,1,30,0,6,0.1,218
2018,8,3,2,0,0,6,0.1,218
2018,8,3,2,30,0,7,0.1,216
2018,8,3,3,0,0,7,0.1,214
2018,8,3,3,30,0,7,0.1,212
2018,8,3,4,0,0,7,0.1,210
2018,8,3,4,30,0,7,0.1,209
2018,8,3,5,0,0,7,0.1,208
2018,8,3,5,30,7,7,0.1,206
2018,8,3,6,0,12,7,0.1,205
2018,8,3,6,30,39,7,0.1,200
2018,8,3,7,0,56,7,0.1,195
2018,8,3,7,30,56,7,0.1,192
2018,8,3,8,0,334,7,0.1,189
2018,8,3,8,30,390,7,0.1,187
2018,8,3,9,0,366,7,0.1,184
2018,8,3,9,30,228,7,0.1,189
2018,8,3,10,0,171,7,0.1,193
2018,8,3,10,30,221,7,0.1,200
2018,8,3,11,0,220,7,0.1,206
2018,8,3,11,30,226,7,0.1,210
2018,8,3,12,0,134,7,0.1,214
2018,8,3,12,30,77,7,0.1,218
2018,8,3,13,0,150,8,0.1,222
2018,8,3,13,30,265,7,0.1,227
2018,8,3,14,0,415,7,0.1,232
2018,8,3,14,30,748,0,0.1,234
2018,8,3,15,0,689,0,0.1,236
2018,8,3,15,30,744,0,0.1,232
2018,8,3,16,0,775,0,0.1,228
2018,8,3,16,30,741,0,0.1,224
2018,8,3,17,0,695,0,0.1,220
2018,8,3,17,30,636,0,0.2,215
2018,8,3,18,0,555,0,0.2,211
2018,8,3,18,30,438,0,0.2,211
2018,8,3,19,0,275,0,0.7000000000000001,195
2018,8,3,19,30,65,0,0.8,194
2018,8,3,20,0,0,0,0.8,194
2018,8,3,20,30,0,0,0.7000000000000001,196
2018,8,3,21,0,0,0,0.6000000000000001,198
2018,8,3,21,30,0,0,0.4,201
2018,8,3,22,0,0,0,0.1,204
2018,8,3,22,30,0,0,0.1,207
2018,8,3,23,0,0,0,0.1,211
2018,8,3,23,30,0,0,0.1,212
2018,8,4,0,0,0,0,0.1,214
2018,8,4,0,30,0,0,0.1,215
2018,8,4,1,0,0,0,0.1,215
2018,8,4,1,30,0,0,0.1,216
2018,8,4,2,0,0,3,0.1,216
2018,8,4,2,30,0,7,0.1,216
2018,8,4,3,0,0,7,0.1,216
2018,8,4,3,30,0,4,0.1,214
2018,8,4,4,0,0,3,0.1,212
2018,8,4,4,30,0,0,0.1,211
2018,8,4,5,0,0,0,0.1,210
2018,8,4,5,30,26,0,0.1,210
2018,8,4,6,0,171,0,0.2,209
2018,8,4,6,30,331,0,0.2,207
2018,8,4,7,0,458,0,0.2,206
2018,8,4,7,30,549,0,0.2,214
2018,8,4,8,0,618,0,0.2,222
2018,8,4,8,30,523,0,0.2,229
2018,8,4,9,0,701,0,0.2,235
2018,8,4,9,30,594,0,0.2,240
2018,8,4,10,0,647,0,0.2,245
2018,8,4,10,30,554,0,0.2,247
2018,8,4,11,0,455,3,0.2,249
2018,8,4,11,30,606,0,0.2,249
2018,8,4,12,0,707,0,0.2,250
2018,8,4,12,30,802,0,0.2,251
2018,8,4,13,0,660,0,0.2,251
2018,8,4,13,30,774,0,0.2,253
2018,8,4,14,0,539,3,0.2,256
2018,8,4,14,30,597,0,0.2,259
2018,8,4,15,0,671,0,0.2,263
2018,8,4,15,30,428,3,0.2,266
2018,8,4,16,0,676,0,0.2,270
2018,8,4,16,30,687,0,0.2,272
2018,8,4,17,0,663,0,0.2,275
2018,8,4,17,30,598,0,0.2,271
2018,8,4,18,0,511,0,0.2,268
2018,8,4,18,30,394,0,0.2,268
2018,8,4,19,0,235,0,0.6000000000000001,257
2018,8,4,19,30,46,0,0.5,257
2018,8,4,20,0,0,0,0.5,257
2018,8,4,20,30,0,0,0.5,244
2018,8,4,21,0,0,0,0.4,232
2018,8,4,21,30,0,0,0.4,221
2018,8,4,22,0,0,0,0.4,209
2018,8,4,22,30,0,0,0.30000000000000004,207
2018,8,4,23,0,0,0,0.2,205
2018,8,4,23,30,0,0,0.2,208
2018,8,5,0,0,0,0,0.1,211
2018,8,5,0,30,0,0,0.1,214
2018,8,5,1,0,0,0,0.1,218
2018,8,5,1,30,0,0,0.1,222
2018,8,5,2,0,0,0,0.1,226
2018,8,5,2,30,0,0,0.1,228
2018,8,5,3,0,0,0,0.1,231
2018,8,5,3,30,0,0,0.1,230
2018,8,5,4,0,0,0,0.1,230
2018,8,5,4,30,0,0,0.1,228
2018,8,5,5,0,0,0,0.1,226
2018,8,5,5,30,20,0,0.1,221
2018,8,5,6,0,168,0,0.2,217
2018,8,5,6,30,325,0,0.2,216
2018,8,5,7,0,406,0,0.2,216
2018,8,5,7,30,540,0,0.2,232
2018,8,5,8,0,609,0,0.2,249
2018,8,5,8,30,628,0,0.2,254
2018,8,5,9,0,702,0,0.2,260
2018,8,5,9,30,719,0,0.2,262
2018,8,5,10,0,724,0,0.2,264
2018,8,5,10,30,740,0,0.2,265
2018,8,5,11,0,751,0,0.2,266
2018,8,5,11,30,675,0,0.2,266
2018,8,5,12,0,659,0,0.2,265
2018,8,5,12,30,720,0,0.2,262
2018,8,5,13,0,750,0,0.2,260
2018,8,5,13,30,743,0,0.2,257
2018,8,5,14,0,732,0,0.2,254
2018,8,5,14,30,611,0,0.2,250
2018,8,5,15,0,389,3,0.2,246
2018,8,5,15,30,443,0,0.2,242
2018,8,5,16,0,553,0,0.2,239
2018,8,5,16,30,593,0,0.2,238
2018,8,5,17,0,484,0,0.2,236
2018,8,5,17,30,332,7,0.2,233
2018,8,5,18,0,277,7,0.2,229
2018,8,5,18,30,266,0,0.2,229
2018,8,5,19,0,151,0,0.6000000000000001,214
2018,8,5,19,30,25,0,0.5,213
2018,8,5,20,0,0,0,0.4,212
2018,8,5,20,30,0,7,0.30000000000000004,213
2018,8,5,21,0,0,7,0.2,214
2018,8,5,21,30,0,3,0.1,216
2018,8,5,22,0,0,3,0.1,219
2018,8,5,22,30,0,0,0.1,218
2018,8,5,23,0,0,0,0.1,218
2018,8,5,23,30,0,0,0.1,216
2018,8,6,0,0,0,7,0.1,213
2018,8,6,0,30,0,7,0.1,210
2018,8,6,1,0,0,0,0.1,206
2018,8,6,1,30,0,0,0.1,205
2018,8,6,2,0,0,0,0.1,204
2018,8,6,2,30,0,0,0.1,207
2018,8,6,3,0,0,0,0.1,210
2018,8,6,3,30,0,0,0.1,212
2018,8,6,4,0,0,0,0.1,213
2018,8,6,4,30,0,0,0.1,211
2018,8,6,5,0,0,7,0.1,210
2018,8,6,5,30,20,7,0.2,207
2018,8,6,6,0,160,0,0.2,203
2018,8,6,6,30,339,0,0.2,206
2018,8,6,7,0,276,0,0.2,208
2018,8,6,7,30,449,0,0.2,222
2018,8,6,8,0,639,0,0.2,236
2018,8,6,8,30,693,0,0.2,235
2018,8,6,9,0,737,0,0.2,235
2018,8,6,9,30,774,0,0.2,230
2018,8,6,10,0,807,0,0.2,224
2018,8,6,10,30,820,0,0.2,222
2018,8,6,11,0,827,0,0.30000000000000004,220
2018,8,6,11,30,793,0,0.30000000000000004,221
2018,8,6,12,0,490,3,0.30000000000000004,223
2018,8,6,12,30,611,0,0.30000000000000004,226
2018,8,6,13,0,653,0,0.30000000000000004,230
2018,8,6,13,30,750,0,0.30000000000000004,235
2018,8,6,14,0,560,0,0.30000000000000004,240
2018,8,6,14,30,746,0,0.30000000000000004,244
2018,8,6,15,0,717,0,0.30000000000000004,248
2018,8,6,15,30,682,0,0.30000000000000004,250
2018,8,6,16,0,624,0,0.30000000000000004,251
2018,8,6,16,30,485,0,0.30000000000000004,249
2018,8,6,17,0,369,0,0.2,247
2018,8,6,17,30,462,0,0.2,242
2018,8,6,18,0,404,0,0.1,238
2018,8,6,18,30,184,0,0.1,238
2018,8,6,19,0,111,0,0.1,228
2018,8,6,19,30,28,0,0.1,226
2018,8,6,20,0,0,7,0.1,223
2018,8,6,20,30,0,7,0.1,222
2018,8,6,21,0,0,0,0.1,220
2018,8,6,21,30,0,7,0.1,217
2018,8,6,22,0,0,7,0.1,214
2018,8,6,22,30,0,7,0.1,211
2018,8,6,23,0,0,7,0.1,207
2018,8,6,23,30,0,7,0.1,204
2018,8,7,0,0,0,7,0.1,201
2018,8,7,0,30,0,7,0.1,202
2018,8,7,1,0,0,6,0.1,202
2018,8,7,1,30,0,7,0.1,210
2018,8,7,2,0,0,6,0.1,217
2018,8,7,2,30,0,6,0.1,224
2018,8,7,3,0,0,6,0.1,231
2018,8,7,3,30,0,7,0.1,229
2018,8,7,4,0,0,8,0.1,226
2018,8,7,4,30,0,7,0.1,218
2018,8,7,5,0,0,8,0.1,209
2018,8,7,5,30,4,7,0.2,206
2018,8,7,6,0,3,4,0.2,203
2018,8,7,6,30,16,4,0.2,211
2018,8,7,7,0,79,8,0.2,219
2018,8,7,7,30,58,3,0.2,234
2018,8,7,8,0,62,4,0.30000000000000004,248
2018,8,7,8,30,51,8,0.2,254
2018,8,7,9,0,202,7,0.2,259
2018,8,7,9,30,36,4,0.2,259
2018,8,7,10,0,72,7,0.2,260
2018,8,7,10,30,237,7,0.2,258
2018,8,7,11,0,164,8,0.2,257
2018,8,7,11,30,222,7,0.2,253
2018,8,7,12,0,111,8,0.2,250
2018,8,7,12,30,253,7,0.2,245
2018,8,7,13,0,366,7,0.2,241
2018,8,7,13,30,606,0,0.2,240
2018,8,7,14,0,640,0,0.2,239
2018,8,7,14,30,712,0,0.2,241
2018,8,7,15,0,657,0,0.2,244
2018,8,7,15,30,375,2,0.2,249
2018,8,7,16,0,544,0,0.2,254
2018,8,7,16,30,577,0,0.2,259
2018,8,7,17,0,450,0,0.1,264
2018,8,7,17,30,333,7,0.1,264
2018,8,7,18,0,316,7,0.1,265
2018,8,7,18,30,239,9,0.1,265
2018,8,7,19,0,115,6,0.1,252
2018,8,7,19,30,12,6,0.1,243
2018,8,7,20,0,0,6,0.1,233
2018,8,7,20,30,0,7,0.1,229
2018,8,7,21,0,0,7,0.1,224
2018,8,7,21,30,0,7,0.1,220
2018,8,7,22,0,0,7,0.1,217
2018,8,7,22,30,0,7,0.1,215
2018,8,7,23,0,0,7,0.1,213
2018,8,7,23,30,0,7,0.1,214
2018,8,8,0,0,0,7,0.1,215
2018,8,8,0,30,0,7,0.1,217
2018,8,8,1,0,0,7,0.1,219
2018,8,8,1,30,0,7,0.1,218
2018,8,8,2,0,0,4,0.1,218
2018,8,8,2,30,0,4,0.1,215
2018,8,8,3,0,0,4,0.1,213
2018,8,8,3,30,0,4,0.1,212
2018,8,8,4,0,0,4,0.1,211
2018,8,8,4,30,0,4,0.1,212
2018,8,8,5,0,0,7,0.1,212
2018,8,8,5,30,4,7,0.1,218
2018,8,8,6,0,0,4,0.2,224
2018,8,8,6,30,0,4,0.2,234
2018,8,8,7,0,0,4,0.2,244
2018,8,8,7,30,0,4,0.2,253
2018,8,8,8,0,2,4,0.2,262
2018,8,8,8,30,0,4,0.2,267
2018,8,8,9,0,1,4,0.30000000000000004,271
2018,8,8,9,30,0,8,0.30000000000000004,269
2018,8,8,10,0,5,4,0.30000000000000004,266
2018,8,8,10,30,9,4,0.30000000000000004,262
2018,8,8,11,0,51,4,0.30000000000000004,259
2018,8,8,11,30,86,3,0.30000000000000004,259
2018,8,8,12,0,23,8,0.30000000000000004,259
2018,8,8,12,30,5,8,0.30000000000000004,262
2018,8,8,13,0,3,8,0.30000000000000004,265
2018,8,8,13,30,55,8,0.30000000000000004,268
2018,8,8,14,0,396,3,0.30000000000000004,271
2018,8,8,14,30,302,4,0.30000000000000004,272
2018,8,8,15,0,267,7,0.30000000000000004,273
2018,8,8,15,30,130,8,0.30000000000000004,272
2018,8,8,16,0,287,3,0.30000000000000004,271
2018,8,8,16,30,131,8,0.30000000000000004,270
2018,8,8,17,0,103,7,0.2,268
2018,8,8,17,30,163,3,0.2,265
2018,8,8,18,0,299,3,0.1,262
2018,8,8,18,30,358,0,0.1,262
2018,8,8,19,0,217,0,0.30000000000000004,258
2018,8,8,19,30,30,0,0.2,253
2018,8,8,20,0,0,7,0.2,248
2018,8,8,20,30,0,3,0.2,243
2018,8,8,21,0,0,3,0.1,238
2018,8,8,21,30,0,3,0.1,239
2018,8,8,22,0,0,0,0.1,240
2018,8,8,22,30,0,0,0.1,241
2018,8,8,23,0,0,0,0.1,243
2018,8,8,23,30,0,3,0.1,244
2018,8,9,0,0,0,3,0.1,246
2018,8,9,0,30,0,0,0.1,248
2018,8,9,1,0,0,0,0.1,249
2018,8,9,1,30,0,0,0.1,251
2018,8,9,2,0,0,0,0.1,252
2018,8,9,2,30,0,0,0.1,254
2018,8,9,3,0,0,0,0.1,255
2018,8,9,3,30,0,0,0.1,257
2018,8,9,4,0,0,0,0.1,258
2018,8,9,4,30,0,0,0.1,260
2018,8,9,5,0,0,0,0.1,261
2018,8,9,5,30,20,0,0.1,263
2018,8,9,6,0,192,0,0.2,265
2018,8,9,6,30,377,0,0.2,273
2018,8,9,7,0,133,2,0.2,280
2018,8,9,7,30,0,2,0.2,285
2018,8,9,8,0,1,3,0.2,290
2018,8,9,8,30,327,3,0.2,291
2018,8,9,9,0,776,0,0.30000000000000004,292
2018,8,9,9,30,764,0,0.30000000000000004,291
2018,8,9,10,0,398,0,0.30000000000000004,290
2018,8,9,10,30,100,3,0.30000000000000004,289
2018,8,9,11,0,474,0,0.30000000000000004,287
2018,8,9,11,30,516,0,0.30000000000000004,287
2018,8,9,12,0,831,0,0.30000000000000004,286
2018,8,9,12,30,871,0,0.30000000000000004,286
2018,8,9,13,0,897,0,0.30000000000000004,285
2018,8,9,13,30,892,0,0.30000000000000004,285
2018,8,9,14,0,884,0,0.30000000000000004,286
2018,8,9,14,30,871,0,0.30000000000000004,286
2018,8,9,15,0,852,0,0.30000000000000004,286
2018,8,9,15,30,828,0,0.30000000000000004,286
2018,8,9,16,0,794,0,0.30000000000000004,285
2018,8,9,16,30,752,0,0.30000000000000004,285
2018,8,9,17,0,698,0,0.30000000000000004,284
2018,8,9,17,30,629,0,0.2,283
2018,8,9,18,0,535,0,0.1,282
2018,8,9,18,30,374,0,0.1,282
2018,8,9,19,0,81,7,0.4,281
2018,8,9,19,30,28,0,0.4,278
2018,8,9,20,0,0,0,0.5,274
2018,8,9,20,30,0,0,0.5,268
2018,8,9,21,0,0,0,0.5,261
2018,8,9,21,30,0,7,0.30000000000000004,257
2018,8,9,22,0,0,7,0.2,253
2018,8,9,22,30,0,0,0.2,251
2018,8,9,23,0,0,0,0.1,249
2018,8,9,23,30,0,3,0.1,251
2018,8,10,0,0,0,8,0.1,254
2018,8,10,0,30,0,4,0.1,256
2018,8,10,1,0,0,7,0.1,259
2018,8,10,1,30,0,7,0.1,260
2018,8,10,2,0,0,7,0.1,262
2018,8,10,2,30,0,7,0.1,263
2018,8,10,3,0,0,7,0.1,263
2018,8,10,3,30,0,7,0.1,265
2018,8,10,4,0,0,7,0.1,266
2018,8,10,4,30,0,0,0.1,269
2018,8,10,5,0,0,7,0.1,271
2018,8,10,5,30,6,7,0.1,270
2018,8,10,6,0,44,7,0.2,269
2018,8,10,6,30,49,7,0.2,267
2018,8,10,7,0,42,7,0.1,266
2018,8,10,7,30,198,0,0.1,261
2018,8,10,8,0,503,0,0.1,257
2018,8,10,8,30,491,7,0.1,253
2018,8,10,9,0,514,7,0.2,249
2018,8,10,9,30,522,7,0.2,250
2018,8,10,10,0,448,0,0.2,251
2018,8,10,10,30,236,3,0.2,255
2018,8,10,11,0,210,7,0.2,258
2018,8,10,11,30,85,4,0.2,263
2018,8,10,12,0,82,4,0.2,268
2018,8,10,12,30,209,7,0.2,272
2018,8,10,13,0,67,8,0.2,277
2018,8,10,13,30,12,6,0.2,280
2018,8,10,14,0,2,8,0.2,283
2018,8,10,14,30,6,7,0.2,286
2018,8,10,15,0,6,9,0.2,289
2018,8,10,15,30,0,9,0.2,292
2018,8,10,16,0,0,9,0.1,294
2018,8,10,16,30,0,9,0.1,292
2018,8,10,17,0,0,9,0.1,291
2018,8,10,17,30,0,6,0.1,285
2018,8,10,18,0,0,9,0.1,279
2018,8,10,18,30,0,9,0.1,279
2018,8,10,19,0,0,6,0.2,257
2018,8,10,19,30,2,6,0.2,243
2018,8,10,20,0,0,6,0.1,228
2018,8,10,20,30,0,8,0.1,222
2018,8,10,21,0,0,6,0.1,215
2018,8,10,21,30,0,6,0.1,214
2018,8,10,22,0,0,8,0.0,212
2018,8,10,22,30,0,8,0.0,217
2018,8,10,23,0,0,7,0.0,223
2018,8,10,23,30,0,7,0.1,225
2018,8,11,0,0,0,6,0.1,227
2018,8,11,0,30,0,7,0.1,231
2018,8,11,1,0,0,7,0.1,235
2018,8,11,1,30,0,7,0.1,246
2018,8,11,2,0,0,7,0.2,257
2018,8,11,2,30,0,7,0.2,275
2018,8,11,3,0,0,3,0.2,293
2018,8,11,3,30,0,7,0.2,311
2018,8,11,4,0,0,7,0.2,329
2018,8,11,4,30,0,7,0.1,165
2018,8,11,5,0,0,0,0.1,0
2018,8,11,5,30,3,0,0.1,7
2018,8,11,6,0,83,0,0.2,13
2018,8,11,6,30,136,0,0.2,17
2018,8,11,7,0,79,7,0.2,21
2018,8,11,7,30,231,7,0.2,25
2018,8,11,8,0,369,7,0.2,29
2018,8,11,8,30,524,7,0.2,30
2018,8,11,9,0,618,0,0.2,31
2018,8,11,9,30,711,0,0.2,29
2018,8,11,10,0,509,7,0.1,27
2018,8,11,10,30,319,7,0.1,18
2018,8,11,11,0,273,7,0.1,9
2018,8,11,11,30,196,7,0.1,180
2018,8,11,12,0,310,7,0.1,350
2018,8,11,12,30,392,7,0.2,347
2018,8,11,13,0,372,7,0.2,343
2018,8,11,13,30,374,7,0.2,343
2018,8,11,14,0,608,7,0.2,343
2018,8,11,14,30,470,7,0.2,344
2018,8,11,15,0,674,0,0.30000000000000004,346
2018,8,11,15,30,791,0,0.30000000000000004,348
2018,8,11,16,0,793,0,0.30000000000000004,350
2018,8,11,16,30,756,0,0.30000000000000004,353
2018,8,11,17,0,601,0,0.30000000000000004,356
2018,8,11,17,30,292,4,0.30000000000000004,356
2018,8,11,18,0,406,0,0.30000000000000004,356
2018,8,11,18,30,330,0,0.30000000000000004,356
2018,8,11,19,0,136,3,0.30000000000000004,359
2018,8,11,19,30,29,0,0.2,188
2018,8,11,20,0,0,3,0.1,17
2018,8,11,20,30,0,3,0.1,21
2018,8,11,21,0,0,0,0.1,24
2018,8,11,21,30,0,0,0.1,28
2018,8,11,22,0,0,0,0.1,32
2018,8,11,22,30,0,0,0.1,35
2018,8,11,23,0,0,0,0.1,39
2018,8,11,23,30,0,0,0.1,41
2018,8,12,0,0,0,0,0.1,43
2018,8,12,0,30,0,0,0.1,44
2018,8,12,1,0,0,0,0.1,45
2018,8,12,1,30,0,0,0.1,46
2018,8,12,2,0,0,0,0.1,47
2018,8,12,2,30,0,0,0.1,48
2018,8,12,3,0,0,0,0.1,49
2018,8,12,3,30,0,3,0.1,51
2018,8,12,4,0,0,3,0.1,52
2018,8,12,4,30,0,0,0.1,53
2018,8,12,5,0,0,0,0.1,55
2018,8,12,5,30,8,0,0.1,53
2018,8,12,6,0,133,0,0.1,52
2018,8,12,6,30,197,3,0.1,44
2018,8,12,7,0,503,0,0.1,35
2018,8,12,7,30,597,0,0.2,41
2018,8,12,8,0,666,0,0.2,47
2018,8,12,8,30,719,0,0.2,45
2018,8,12,9,0,759,0,0.2,42
2018,8,12,9,30,788,0,0.2,39
2018,8,12,10,0,809,0,0.2,35
2018,8,12,10,30,827,0,0.2,31
2018,8,12,11,0,839,0,0.2,27
2018,8,12,11,30,848,0,0.2,21
2018,8,12,12,0,852,0,0.2,16
2018,8,12,12,30,834,0,0.2,11
2018,8,12,13,0,482,2,0.2,7
2018,8,12,13,30,362,3,0.2,183
2018,8,12,14,0,673,0,0.2,360
2018,8,12,14,30,703,0,0.2,359
2018,8,12,15,0,549,0,0.2,358
2018,8,12,15,30,263,3,0.2,357
2018,8,12,16,0,274,7,0.30000000000000004,356
2018,8,12,16,30,235,7,0.30000000000000004,356
2018,8,12,17,0,282,7,0.30000000000000004,356
2018,8,12,17,30,333,7,0.2,354
2018,8,12,18,0,385,7,0.2,352
2018,8,12,18,30,216,7,0.2,352
2018,8,12,19,0,30,3,0.2,354
2018,8,12,19,30,3,3,0.2,180
2018,8,12,20,0,0,3,0.2,6
2018,8,12,20,30,0,3,0.2,12
2018,8,12,21,0,0,4,0.1,19
2018,8,12,21,30,0,4,0.1,22
2018,8,12,22,0,0,3,0.1,26
2018,8,12,22,30,0,3,0.1,29
2018,8,12,23,0,0,0,0.1,32
2018,8,12,23,30,0,0,0.1,32
2018,8,13,0,0,0,0,0.1,32
2018,8,13,0,30,0,3,0.1,29
2018,8,13,1,0,0,0,0.1,25
2018,8,13,1,30,0,0,0.1,23
2018,8,13,2,0,0,0,0.1,20
2018,8,13,2,30,0,0,0.1,19
2018,8,13,3,0,0,0,0.1,18
2018,8,13,3,30,0,0,0.1,17
2018,8,13,4,0,0,0,0.1,15
2018,8,13,4,30,0,0,0.1,15
2018,8,13,5,0,0,0,0.1,14
2018,8,13,5,30,7,0,0.1,11
2018,8,13,6,0,144,0,0.1,8
2018,8,13,6,30,322,0,0.1,179
2018,8,13,7,0,461,0,0.1,350
2018,8,13,7,30,562,0,0.1,177
2018,8,13,8,0,639,0,0.2,3
2018,8,13,8,30,695,0,0.2,181
2018,8,13,9,0,739,0,0.2,358
2018,8,13,9,30,774,0,0.2,356
2018,8,13,10,0,804,0,0.2,354
2018,8,13,10,30,818,0,0.2,353
2018,8,13,11,0,781,0,0.2,352
2018,8,13,11,30,130,3,0.2,351
2018,8,13,12,0,290,3,0.2,350
2018,8,13,12,30,398,2,0.2,350
2018,8,13,13,0,403,7,0.2,349
2018,8,13,13,30,706,0,0.2,348
2018,8,13,14,0,795,0,0.2,347
2018,8,13,14,30,749,0,0.2,346
2018,8,13,15,0,362,7,0.2,344
2018,8,13,15,30,150,6,0.2,344
2018,8,13,16,0,0,9,0.2,344
2018,8,13,16,30,0,9,0.2,345
2018,8,13,17,0,0,6,0.2,346
2018,8,13,17,30,13,6,0.2,342
2018,8,13,18,0,18,7,0.2,339
2018,8,13,18,30,9,7,0.2,339
2018,8,13,19,0,23,4,0.30000000000000004,322
2018,8,13,19,30,9,0,0.30000000000000004,332
2018,8,13,20,0,0,0,0.30000000000000004,342
2018,8,13,20,30,0,3,0.2,175
2018,8,13,21,0,0,0,0.1,9
2018,8,13,21,30,0,3,0.1,16
2018,8,13,22,0,0,0,0.1,24
2018,8,13,22,30,0,3,0.1,23
2018,8,13,23,0,0,7,0.1,21
2018,8,13,23,30,0,7,0.1,15
2018,8,14,0,0,0,7,0.1,9
2018,8,14,0,30,0,7,0.1,182
2018,8,14,1,0,0,7,0.2,354
2018,8,14,1,30,0,8,0.2,348
2018,8,14,2,0,0,8,0.2,341
2018,8,14,2,30,0,4,0.1,333
2018,8,14,3,0,0,4,0.1,325
2018,8,14,3,30,0,4,0.1,322
2018,8,14,4,0,0,0,0.1,319
2018,8,14,4,30,0,0,0.2,321
2018,8,14,5,0,0,3,0.2,322
2018,8,14,5,30,6,3,0.2,313
2018,8,14,6,0,23,4,0.1,304
2018,8,14,6,30,0,4,0.1,298
2018,8,14,7,0,0,4,0.1,292
2018,8,14,7,30,0,4,0.2,307
2018,8,14,8,0,14,4,0.2,322
2018,8,14,8,30,94,4,0.2,320
2018,8,14,9,0,512,0,0.2,318
2018,8,14,9,30,667,0,0.2,310
2018,8,14,10,0,753,0,0.2,303
2018,8,14,10,30,795,0,0.2,297
2018,8,14,11,0,815,0,0.2,290
2018,8,14,11,30,823,0,0.2,288
2018,8,14,12,0,629,0,0.30000000000000004,286
2018,8,14,12,30,166,3,0.30000000000000004,287
2018,8,14,13,0,670,0,0.30000000000000004,287
2018,8,14,13,30,620,0,0.30000000000000004,288
2018,8,14,14,0,127,3,0.30000000000000004,290
2018,8,14,14,30,302,3,0.30000000000000004,291
2018,8,14,15,0,574,0,0.30000000000000004,292
2018,8,14,15,30,649,0,0.30000000000000004,292
2018,8,14,16,0,595,0,0.30000000000000004,293
2018,8,14,16,30,505,0,0.30000000000000004,294
2018,8,14,17,0,392,0,0.30000000000000004,295
2018,8,14,17,30,377,0,0.2,297
2018,8,14,18,0,307,0,0.2,298
2018,8,14,18,30,193,0,0.2,298
2018,8,14,19,0,74,0,0.1,298
2018,8,14,19,30,3,0,0.1,294
2018,8,14,20,0,0,0,0.1,289
2018,8,14,20,30,0,0,0.2,281
2018,8,14,21,0,0,0,0.2,272
2018,8,14,21,30,0,0,0.2,264
2018,8,14,22,0,0,0,0.1,256
2018,8,14,22,30,0,0,0.1,255
2018,8,14,23,0,0,0,0.1,254
2018,8,14,23,30,0,0,0.1,256
2018,8,15,0,0,0,0,0.1,258
2018,8,15,0,30,0,0,0.1,258
2018,8,15,1,0,0,7,0.1,259
2018,8,15,1,30,0,7,0.1,258
2018,8,15,2,0,0,7,0.1,257
2018,8,15,2,30,0,0,0.1,256
2018,8,15,3,0,0,0,0.1,256
2018,8,15,3,30,0,0,0.1,256
2018,8,15,4,0,0,0,0.1,257
2018,8,15,4,30,0,0,0.1,258
2018,8,15,5,0,0,0,0.1,259
2018,8,15,5,30,3,0,0.1,256
2018,8,15,6,0,64,0,0.2,253
2018,8,15,6,30,192,0,0.1,245
2018,8,15,7,0,264,7,0.1,237
2018,8,15,7,30,87,7,0.2,251
2018,8,15,8,0,13,7,0.2,264
2018,8,15,8,30,336,7,0.2,265
2018,8,15,9,0,312,7,0.2,267
2018,8,15,9,30,362,7,0.2,262
2018,8,15,10,0,411,7,0.2,258
2018,8,15,10,30,380,7,0.2,255
2018,8,15,11,0,322,7,0.2,253
2018,8,15,11,30,293,7,0.2,251
2018,8,15,12,0,283,7,0.2,249
2018,8,15,12,30,366,7,0.2,248
2018,8,15,13,0,462,7,0.2,247
2018,8,15,13,30,404,7,0.2,246
2018,8,15,14,0,355,7,0.30000000000000004,245
2018,8,15,14,30,331,3,0.30000000000000004,243
2018,8,15,15,0,347,3,0.30000000000000004,241
2018,8,15,15,30,335,7,0.2,237
2018,8,15,16,0,222,7,0.2,233
2018,8,15,16,30,222,7,0.2,229
2018,8,15,17,0,50,6,0.2,224
2018,8,15,17,30,0,6,0.1,220
2018,8,15,18,0,1,7,0.1,215
2018,8,15,18,30,3,7,0.1,215
2018,8,15,19,0,4,4,0.1,207
2018,8,15,19,30,4,7,0.1,204
2018,8,15,20,0,0,7,0.1,202
2018,8,15,20,30,0,7,0.1,201
2018,8,15,21,0,0,6,0.1,200
2018,8,15,21,30,0,6,0.1,197
2018,8,15,22,0,0,8,0.1,195
2018,8,15,22,30,0,7,0.1,194
2018,8,15,23,0,0,8,0.1,193
2018,8,15,23,30,0,8,0.1,195
2018,8,16,0,0,0,8,0.1,197
2018,8,16,0,30,0,8,0.1,199
2018,8,16,1,0,0,7,0.1,200
2018,8,16,1,30,0,8,0.1,197
2018,8,16,2,0,0,8,0.1,194
2018,8,16,2,30,0,8,0.1,187
2018,8,16,3,0,0,8,0.1,181
2018,8,16,3,30,0,7,0.1,174
2018,8,16,4,0,0,7,0.1,166
2018,8,16,4,30,0,7,0.1,166
2018,8,16,5,0,0,7,0.2,167
2018,8,16,5,30,0,7,0.2,172
2018,8,16,6,0,0,4,0.2,177
2018,8,16,6,30,0,4,0.2,182
2018,8,16,7,0,0,4,0.2,187
2018,8,16,7,30,5,4,0.30000000000000004,190
2018,8,16,8,0,0,4,0.30000000000000004,193
2018,8,16,8,30,30,4,0.30000000000000004,194
2018,8,16,9,0,36,4,0.4,195
2018,8,16,9,30,3,4,0.4,197
2018,8,16,10,0,2,8,0.4,198
2018,8,16,10,30,11,8,0.4,200
2018,8,16,11,0,32,8,0.4,202
2018,8,16,11,30,13,8,0.4,202
2018,8,16,12,0,14,8,0.4,203
2018,8,16,12,30,12,8,0.4,201
2018,8,16,13,0,24,8,0.4,199
2018,8,16,13,30,15,8,0.4,199
2018,8,16,14,0,6,8,0.5,198
2018,8,16,14,30,27,8,0.4,196
2018,8,16,15,0,42,8,0.4,194
2018,8,16,15,30,12,8,0.4,190
2018,8,16,16,0,66,8,0.4,186
2018,8,16,16,30,42,8,0.4,182
2018,8,16,17,0,0,4,0.4,179
2018,8,16,17,30,6,4,0.30000000000000004,176
2018,8,16,18,0,0,8,0.30000000000000004,173
2018,8,16,18,30,0,4,0.30000000000000004,173
2018,8,16,19,0,0,4,0.30000000000000004,171
2018,8,16,19,30,0,8,0.2,166
2018,8,16,20,0,0,6,0.2,161
2018,8,16,20,30,0,7,0.2,161
2018,8,16,21,0,0,3,0.2,161
2018,8,16,21,30,0,3,0.2,169
2018,8,16,22,0,0,3,0.2,177
2018,8,16,22,30,0,0,0.2,178
2018,8,16,23,0,0,7,0.2,180
2018,8,16,23,30,0,7,0.2,179
2018,8,17,0,0,0,3,0.2,179
2018,8,17,0,30,0,0,0.2,181
2018,8,17,1,0,0,0,0.30000000000000004,184
2018,8,17,1,30,0,7,0.30000000000000004,185
2018,8,17,2,0,0,6,0.2,186
2018,8,17,2,30,0,6,0.2,193
2018,8,17,3,0,0,6,0.2,199
2018,8,17,3,30,0,7,0.2,202
2018,8,17,4,0,0,8,0.2,206
2018,8,17,4,30,0,4,0.2,209
2018,8,17,5,0,0,4,0.2,211
2018,8,17,5,30,0,4,0.2,212
2018,8,17,6,0,20,3,0.2,212
2018,8,17,6,30,0,7,0.2,211
2018,8,17,7,0,50,3,0.2,210
2018,8,17,7,30,4,3,0.2,210
2018,8,17,8,0,5,7,0.2,209
2018,8,17,8,30,0,7,0.2,210
2018,8,17,9,0,0,7,0.30000000000000004,212
2018,8,17,9,30,0,7,0.30000000000000004,214
2018,8,17,10,0,2,7,0.30000000000000004,217
2018,8,17,10,30,9,8,0.30000000000000004,218
2018,8,17,11,0,10,7,0.30000000000000004,218
2018,8,17,11,30,12,6,0.30000000000000004,218
2018,8,17,12,0,6,6,0.30000000000000004,217
2018,8,17,12,30,0,9,0.30000000000000004,218
2018,8,17,13,0,0,6,0.30000000000000004,218
2018,8,17,13,30,4,6,0.30000000000000004,220
2018,8,17,14,0,15,8,0.30000000000000004,222
2018,8,17,14,30,26,8,0.30000000000000004,223
2018,8,17,15,0,56,8,0.30000000000000004,223
2018,8,17,15,30,43,7,0.2,221
2018,8,17,16,0,151,7,0.2,219
2018,8,17,16,30,42,8,0.2,214
2018,8,17,17,0,12,7,0.1,210
2018,8,17,17,30,75,8,0.1,201
2018,8,17,18,0,13,8,0.1,193
2018,8,17,18,30,2,8,0.1,193
2018,8,17,19,0,3,4,0.1,179
2018,8,17,19,30,0,8,0.1,173
2018,8,17,20,0,0,8,0.1,167
2018,8,17,20,30,0,8,0.1,165
2018,8,17,21,0,0,8,0.2,164
2018,8,17,21,30,0,8,0.2,166
2018,8,17,22,0,0,8,0.2,168
2018,8,17,22,30,0,8,0.2,174
2018,8,17,23,0,0,8,0.2,179
2018,8,17,23,30,0,8,0.2,197
2018,8,18,0,0,0,8,0.2,215
2018,8,18,0,30,0,4,0.2,232
2018,8,18,1,0,0,7,0.2,250
2018,8,18,1,30,0,7,0.2,264
2018,8,18,2,0,0,7,0.2,279
2018,8,18,2,30,0,7,0.2,289
2018,8,18,3,0,0,7,0.2,299
2018,8,18,3,30,0,3,0.2,306
2018,8,18,4,0,0,0,0.2,313
2018,8,18,4,30,0,0,0.2,315
2018,8,18,5,0,0,3,0.1,317
2018,8,18,5,30,0,0,0.2,315
2018,8,18,6,0,44,0,0.2,313
2018,8,18,6,30,84,0,0.2,311
2018,8,18,7,0,117,0,0.2,308
2018,8,18,7,30,240,0,0.2,303
2018,8,18,8,0,281,0,0.2,298
2018,8,18,8,30,309,0,0.2,296
2018,8,18,9,0,236,0,0.2,294
2018,8,18,9,30,44,3,0.2,296
2018,8,18,10,0,64,3,0.2,297
2018,8,18,10,30,263,3,0.2,299
2018,8,18,11,0,92,3,0.2,301
2018,8,18,11,30,338,2,0.2,302
2018,8,18,12,0,149,3,0.2,302
2018,8,18,12,30,195,3,0.2,315
2018,8,18,13,0,505,0,0.2,327
2018,8,18,13,30,585,0,0.2,164
2018,8,18,14,0,558,0,0.2,0
2018,8,18,14,30,252,3,0.2,9
2018,8,18,15,0,92,4,0.2,17
2018,8,18,15,30,117,7,0.2,20
2018,8,18,16,0,366,7,0.2,23
2018,8,18,16,30,27,6,0.2,23
2018,8,18,17,0,0,6,0.2,22
2018,8,18,17,30,2,7,0.2,15
2018,8,18,18,0,97,7,0.2,8
2018,8,18,18,30,68,4,0.2,8
2018,8,18,19,0,18,7,0.5,4
2018,8,18,19,30,0,7,0.4,7
2018,8,18,20,0,0,7,0.30000000000000004,11
2018,8,18,20,30,0,0,0.2,17
2018,8,18,21,0,0,0,0.1,23
2018,8,18,21,30,0,0,0.1,28
2018,8,18,22,0,0,0,0.1,33
2018,8,18,22,30,0,0,0.1,37
2018,8,18,23,0,0,0,0.1,42
2018,8,18,23,30,0,0,0.1,45
2018,8,19,0,0,0,0,0.1,49
2018,8,19,0,30,0,0,0.1,52
2018,8,19,1,0,0,0,0.1,55
2018,8,19,1,30,0,0,0.1,57
2018,8,19,2,0,0,0,0.1,58
2018,8,19,2,30,0,0,0.1,59
2018,8,19,3,0,0,0,0.1,59
2018,8,19,3,30,0,0,0.1,59
2018,8,19,4,0,0,0,0.1,59
2018,8,19,4,30,0,0,0.1,60
2018,8,19,5,0,0,0,0.1,60
2018,8,19,5,30,0,0,0.1,61
2018,8,19,6,0,53,0,0.1,62
2018,8,19,6,30,155,0,0.2,66
2018,8,19,7,0,247,0,0.2,70
2018,8,19,7,30,326,0,0.2,72
2018,8,19,8,0,389,0,0.2,74
2018,8,19,8,30,443,0,0.2,73
2018,8,19,9,0,486,0,0.2,71
2018,8,19,9,30,496,0,0.2,70
2018,8,19,10,0,488,0,0.2,68
2018,8,19,10,30,509,0,0.2,66
2018,8,19,11,0,524,0,0.2,64
2018,8,19,11,30,536,0,0.2,59
2018,8,19,12,0,542,0,0.1,54
2018,8,19,12,30,532,0,0.1,47
2018,8,19,13,0,514,0,0.1,40
2018,8,19,13,30,509,0,0.1,35
2018,8,19,14,0,501,0,0.1,30
2018,8,19,14,30,487,0,0.1,29
2018,8,19,15,0,468,0,0.1,28
2018,8,19,15,30,444,0,0.1,31
2018,8,19,16,0,416,0,0.2,34
2018,8,19,16,30,378,0,0.1,37
2018,8,19,17,0,331,0,0.1,41
2018,8,19,17,30,271,0,0.30000000000000004,50
2018,8,19,18,0,201,0,0.5,59
2018,8,19,18,30,116,0,0.5,59
2018,8,19,19,0,33,0,0.7000000000000001,68
2018,8,19,19,30,0,0,0.6000000000000001,73
2018,8,19,20,0,0,0,0.5,79
2018,8,19,20,30,0,0,0.4,82
2018,8,19,21,0,0,0,0.2,85
2018,8,19,21,30,0,0,0.2,92
2018,8,19,22,0,0,0,0.1,100
2018,8,19,22,30,0,0,0.1,106
2018,8,19,23,0,0,0,0.1,111
2018,8,19,23,30,0,0,0.1,113
2018,8,20,0,0,0,0,0.1,115
2018,8,20,0,30,0,0,0.1,117
2018,8,20,1,0,0,0,0.1,119
2018,8,20,1,30,0,0,0.1,122
2018,8,20,2,0,0,0,0.1,125
2018,8,20,2,30,0,0,0.1,126
2018,8,20,3,0,0,0,0.1,128
2018,8,20,3,30,0,0,0.1,120
2018,8,20,4,0,0,0,0.2,112
2018,8,20,4,30,0,0,0.1,107
2018,8,20,5,0,0,0,0.1,103
2018,8,20,5,30,0,0,0.1,100
2018,8,20,6,0,42,0,0.1,98
2018,8,20,6,30,139,0,0.2,102
2018,8,20,7,0,239,0,0.2,106
2018,8,20,7,30,317,0,0.2,110
2018,8,20,8,0,404,0,0.2,114
2018,8,20,8,30,466,0,0.2,120
2018,8,20,9,0,518,0,0.2,125
2018,8,20,9,30,558,0,0.2,132
2018,8,20,10,0,589,0,0.2,140
2018,8,20,10,30,531,0,0.2,146
2018,8,20,11,0,452,7,0.2,153
2018,8,20,11,30,394,7,0.2,156
2018,8,20,12,0,407,7,0.2,160
2018,8,20,12,30,412,7,0.2,163
2018,8,20,13,0,445,7,0.2,166
2018,8,20,13,30,400,7,0.2,169
2018,8,20,14,0,487,7,0.2,172
2018,8,20,14,30,518,7,0.2,174
2018,8,20,15,0,610,0,0.2,177
2018,8,20,15,30,356,7,0.2,176
2018,8,20,16,0,227,7,0.2,175
2018,8,20,16,30,427,7,0.2,170
2018,8,20,17,0,306,3,0.1,166
2018,8,20,17,30,270,0,0.1,158
2018,8,20,18,0,272,3,0.1,151
2018,8,20,18,30,176,7,0.1,151
2018,8,20,19,0,49,7,0.1,144
2018,8,20,19,30,0,6,0.1,144
2018,8,20,20,0,0,7,0.1,144
2018,8,20,20,30,0,8,0.1,146
2018,8,20,21,0,0,8,0.2,147
2018,8,20,21,30,0,8,0.2,147
2018,8,20,22,0,0,8,0.2,147
2018,8,20,22,30,0,8,0.2,149
2018,8,20,23,0,0,8,0.2,151
2018,8,20,23,30,0,8,0.2,151
2018,8,21,0,0,0,8,0.2,150
2018,8,21,0,30,0,4,0.2,154
2018,8,21,1,0,0,4,0.2,157
2018,8,21,1,30,0,8,0.2,159
2018,8,21,2,0,0,8,0.2,160
2018,8,21,2,30,0,8,0.2,161
2018,8,21,3,0,0,7,0.1,161
2018,8,21,3,30,0,7,0.1,163
2018,8,21,4,0,0,8,0.2,164
2018,8,21,4,30,0,6,0.1,160
2018,8,21,5,0,0,8,0.1,155
2018,8,21,5,30,0,7,0.2,152
2018,8,21,6,0,0,6,0.2,148
2018,8,21,6,30,0,6,0.2,157
2018,8,21,7,0,0,6,0.30000000000000004,166
2018,8,21,7,30,0,6,0.30000000000000004,169
2018,8,21,8,0,5,8,0.30000000000000004,172
2018,8,21,8,30,4,4,0.30000000000000004,176
2018,8,21,9,0,61,4,0.30000000000000004,180
2018,8,21,9,30,41,3,0.30000000000000004,179
2018,8,21,10,0,117,3,0.30000000000000004,177
2018,8,21,10,30,255,3,0.30000000000000004,172
2018,8,21,11,0,115,4,0.4,166
2018,8,21,11,30,269,3,0.4,170
2018,8,21,12,0,174,3,0.4,174
2018,8,21,12,30,373,3,0.5,185
2018,8,21,13,0,409,3,0.5,196
2018,8,21,13,30,809,0,0.6000000000000001,207
2018,8,21,14,0,830,0,0.6000000000000001,219
2018,8,21,14,30,822,0,0.6000000000000001,226
2018,8,21,15,0,555,0,0.6000000000000001,233
2018,8,21,15,30,686,0,0.5,237
2018,8,21,16,0,195,7,0.5,242
2018,8,21,16,30,413,0,0.4,243
2018,8,21,17,0,618,0,0.4,245
2018,8,21,17,30,352,0,0.30000000000000004,243
2018,8,21,18,0,250,0,0.2,242
2018,8,21,18,30,327,0,0.2,242
2018,8,21,19,0,110,0,0.1,237
2018,8,21,19,30,0,0,0.1,235
2018,8,21,20,0,0,7,0.1,233
2018,8,21,20,30,0,0,0.1,230
2018,8,21,21,0,0,0,0.1,227
2018,8,21,21,30,0,0,0.1,226
2018,8,21,22,0,0,4,0.1,226
2018,8,21,22,30,0,4,0.1,243
2018,8,21,23,0,0,3,0.1,261
2018,8,21,23,30,0,0,0.2,283
2018,8,22,0,0,0,3,0.2,306
2018,8,22,0,30,0,3,0.2,313
2018,8,22,1,0,0,0,0.30000000000000004,320
2018,8,22,1,30,0,0,0.2,320
2018,8,22,2,0,0,0,0.2,321
2018,8,22,2,30,0,0,0.2,311
2018,8,22,3,0,0,0,0.2,300
2018,8,22,3,30,0,0,0.2,298
2018,8,22,4,0,0,0,0.2,296
2018,8,22,4,30,0,0,0.2,297
2018,8,22,5,0,0,0,0.2,298
2018,8,22,5,30,0,0,0.2,297
2018,8,22,6,0,70,0,0.30000000000000004,296
2018,8,22,6,30,223,0,0.30000000000000004,295
2018,8,22,7,0,307,0,0.4,294
2018,8,22,7,30,360,0,0.4,294
2018,8,22,8,0,3,3,0.4,294
2018,8,22,8,30,0,3,0.4,294
2018,8,22,9,0,28,3,0.4,295
2018,8,22,9,30,54,3,0.4,295
2018,8,22,10,0,387,0,0.4,295
2018,8,22,10,30,523,0,0.5,295
2018,8,22,11,0,782,0,0.5,296
2018,8,22,11,30,804,0,0.5,297
2018,8,22,12,0,698,0,0.5,298
2018,8,22,12,30,518,0,0.5,301
2018,8,22,13,0,398,2,0.5,304
2018,8,22,13,30,546,0,0.5,307
2018,8,22,14,0,369,2,0.5,310
2018,8,22,14,30,658,0,0.5,313
2018,8,22,15,0,755,0,0.5,316
2018,8,22,15,30,726,0,0.5,319
2018,8,22,16,0,689,0,0.5,321
2018,8,22,16,30,647,0,0.4,323
2018,8,22,17,0,515,0,0.4,326
2018,8,22,17,30,224,3,0.30000000000000004,327
2018,8,22,18,0,404,0,0.30000000000000004,329
2018,8,22,18,30,286,0,0.30000000000000004,329
2018,8,22,19,0,90,0,0.1,330
2018,8,22,19,30,0,0,0.1,331
2018,8,22,20,0,0,0,0.1,333
2018,8,22,20,30,0,0,0.1,334
2018,8,22,21,0,0,0,0.1,335
2018,8,22,21,30,0,0,0.1,337
2018,8,22,22,0,0,0,0.1,338
2018,8,22,22,30,0,0,0.2,337
2018,8,22,23,0,0,0,0.2,336
2018,8,22,23,30,0,0,0.30000000000000004,332
2018,8,23,0,0,0,0,0.4,329
2018,8,23,0,30,0,0,0.5,323
2018,8,23,1,0,0,0,0.6000000000000001,318
2018,8,23,1,30,0,0,0.6000000000000001,311
2018,8,23,2,0,0,0,0.5,305
2018,8,23,2,30,0,0,0.5,300
2018,8,23,3,0,0,0,0.4,295
2018,8,23,3,30,0,0,0.2,292
2018,8,23,4,0,0,4,0.1,288
2018,8,23,4,30,0,4,0.1,288
2018,8,23,5,0,0,0,0.1,287
2018,8,23,5,30,0,0,0.1,287
2018,8,23,6,0,158,0,0.2,287
2018,8,23,6,30,411,0,0.2,289
2018,8,23,7,0,568,0,0.2,291
2018,8,23,7,30,671,0,0.2,300
2018,8,23,8,0,744,0,0.2,309
2018,8,23,8,30,797,0,0.2,312
2018,8,23,9,0,837,0,0.2,315
2018,8,23,9,30,861,0,0.2,316
2018,8,23,10,0,876,0,0.2,317
2018,8,23,10,30,891,0,0.2,316
2018,8,23,11,0,900,0,0.2,316
2018,8,23,11,30,906,0,0.2,315
2018,8,23,12,0,768,0,0.2,315
2018,8,23,12,30,906,0,0.2,313
2018,8,23,13,0,830,0,0.2,312
2018,8,23,13,30,855,0,0.2,312
2018,8,23,14,0,883,0,0.2,311
2018,8,23,14,30,869,0,0.2,312
2018,8,23,15,0,851,0,0.2,313
2018,8,23,15,30,826,0,0.2,313
2018,8,23,16,0,794,0,0.2,314
2018,8,23,16,30,752,0,0.2,314
2018,8,23,17,0,697,0,0.2,314
2018,8,23,17,30,620,0,0.30000000000000004,315
2018,8,23,18,0,511,0,0.30000000000000004,316
2018,8,23,18,30,349,0,0.30000000000000004,316
2018,8,23,19,0,104,0,0.8,318
2018,8,23,19,30,0,0,0.8,321
2018,8,23,20,0,0,0,0.8,324
2018,8,23,20,30,0,0,0.8,330
2018,8,23,21,0,0,0,0.7000000000000001,335
2018,8,23,21,30,0,0,0.5,185
2018,8,23,22,0,0,0,0.30000000000000004,35
2018,8,23,22,30,0,0,0.5,77
2018,8,23,23,0,0,0,0.7000000000000001,118
2018,8,23,23,30,0,0,0.8,129
2018,8,24,0,0,0,0,0.9,140
2018,8,24,0,30,0,0,0.8,147
2018,8,24,1,0,0,0,0.8,155
2018,8,24,1,30,0,0,0.8,162
2018,8,24,2,0,0,0,0.8,169
2018,8,24,2,30,0,0,0.8,175
2018,8,24,3,0,0,0,0.7000000000000001,181
2018,8,24,3,30,0,0,0.7000000000000001,183
2018,8,24,4,0,0,0,0.7000000000000001,186
2018,8,24,4,30,0,0,0.6000000000000001,184
2018,8,24,5,0,0,0,0.6000000000000001,183
2018,8,24,5,30,0,0,0.4,180
2018,8,24,6,0,143,0,0.2,177
2018,8,24,6,30,386,0,0.2,173
2018,8,24,7,0,541,0,0.2,168
2018,8,24,7,30,645,0,0.2,167
2018,8,24,8,0,716,0,0.2,165
2018,8,24,8,30,769,0,0.30000000000000004,165
2018,8,24,9,0,809,0,0.4,165
2018,8,24,9,30,840,0,0.4,164
2018,8,24,10,0,795,0,0.4,162
2018,8,24,10,30,813,0,0.4,165
2018,8,24,11,0,897,0,0.4,169
2018,8,24,11,30,906,0,0.4,172
2018,8,24,12,0,842,0,0.30000000000000004,175
2018,8,24,12,30,500,7,0.30000000000000004,172
2018,8,24,13,0,451,7,0.30000000000000004,169
2018,8,24,13,30,582,7,0.30000000000000004,172
2018,8,24,14,0,709,0,0.30000000000000004,175
2018,8,24,14,30,859,0,0.30000000000000004,175
2018,8,24,15,0,741,0,0.30000000000000004,174
2018,8,24,15,30,425,7,0.30000000000000004,172
2018,8,24,16,0,400,7,0.30000000000000004,170
2018,8,24,16,30,247,7,0.30000000000000004,167
2018,8,24,17,0,157,7,0.2,163
2018,8,24,17,30,258,7,0.2,163
2018,8,24,18,0,57,7,0.1,164
2018,8,24,18,30,26,6,0.1,164
2018,8,24,19,0,19,6,0.1,169
2018,8,24,19,30,0,6,0.1,170
2018,8,24,20,0,0,7,0.2,172
2018,8,24,20,30,0,7,0.2,172
2018,8,24,21,0,0,7,0.2,172
2018,8,24,21,30,0,7,0.1,171
2018,8,24,22,0,0,7,0.1,171
2018,8,24,22,30,0,7,0.1,172
2018,8,24,23,0,0,7,0.1,173
2018,8,24,23,30,0,7,0.1,175
2018,8,25,0,0,0,8,0.1,176
2018,8,25,0,30,0,7,0.1,178
2018,8,25,1,0,0,7,0.1,179
2018,8,25,1,30,0,7,0.1,177
2018,8,25,2,0,0,4,0.1,174
2018,8,25,2,30,0,4,0.1,172
2018,8,25,3,0,0,4,0.1,169
2018,8,25,3,30,0,4,0.1,167
2018,8,25,4,0,0,8,0.1,166
2018,8,25,4,30,0,4,0.2,166
2018,8,25,5,0,0,4,0.2,166
2018,8,25,5,30,0,7,0.2,170
2018,8,25,6,0,3,3,0.2,173
2018,8,25,6,30,0,3,0.30000000000000004,174
2018,8,25,7,0,0,3,0.30000000000000004,175
2018,8,25,7,30,71,3,0.4,176
2018,8,25,8,0,176,3,0.4,177
2018,8,25,8,30,190,3,0.4,183
2018,8,25,9,0,401,7,0.4,189
2018,8,25,9,30,594,0,0.4,195
2018,8,25,10,0,662,0,0.4,201
2018,8,25,10,30,322,7,0.4,200
2018,8,25,11,0,134,7,0.4,198
2018,8,25,11,30,44,8,0.4,196
2018,8,25,12,0,40,8,0.4,194
2018,8,25,12,30,23,8,0.4,193
2018,8,25,13,0,22,8,0.4,191
2018,8,25,13,30,19,8,0.4,194
2018,8,25,14,0,146,4,0.4,198
2018,8,25,14,30,6,4,0.4,201
2018,8,25,15,0,18,4,0.4,205
2018,8,25,15,30,58,4,0.4,202
2018,8,25,16,0,330,0,0.4,199
2018,8,25,16,30,502,0,0.4,194
2018,8,25,17,0,232,3,0.30000000000000004,190
2018,8,25,17,30,468,0,0.30000000000000004,191
2018,8,25,18,0,331,0,0.2,193
2018,8,25,18,30,208,0,0.2,193
2018,8,25,19,0,43,0,0.2,193
2018,8,25,19,30,0,0,0.2,188
2018,8,25,20,0,0,0,0.1,184
2018,8,25,20,30,0,3,0.2,186
2018,8,25,21,0,0,3,0.2,188
2018,8,25,21,30,0,3,0.2,194
2018,8,25,22,0,0,3,0.2,199
2018,8,25,22,30,0,3,0.2,203
2018,8,25,23,0,0,3,0.2,207
2018,8,25,23,30,0,3,0.2,209
2018,8,26,0,0,0,0,0.2,212
2018,8,26,0,30,0,3,0.2,213
2018,8,26,1,0,0,3,0.2,214
2018,8,26,1,30,0,3,0.2,215
2018,8,26,2,0,0,6,0.2,215
2018,8,26,2,30,0,6,0.2,216
2018,8,26,3,0,0,6,0.2,217
2018,8,26,3,30,0,7,0.2,215
2018,8,26,4,0,0,7,0.2,212
2018,8,26,4,30,0,7,0.1,211
2018,8,26,5,0,0,7,0.1,210
2018,8,26,5,30,0,7,0.2,213
2018,8,26,6,0,0,6,0.2,216
2018,8,26,6,30,0,6,0.2,217
2018,8,26,7,0,0,6,0.2,217
2018,8,26,7,30,12,7,0.30000000000000004,224
2018,8,26,8,0,97,7,0.30000000000000004,231
2018,8,26,8,30,272,7,0.30000000000000004,238
2018,8,26,9,0,245,3,0.30000000000000004,245
2018,8,26,9,30,175,3,0.30000000000000004,247
2018,8,26,10,0,208,3,0.30000000000000004,248
2018,8,26,10,30,184,3,0.30000000000000004,249
2018,8,26,11,0,31,3,0.30000000000000004,250
2018,8,26,11,30,17,3,0.30000000000000004,254
2018,8,26,12,0,14,3,0.30000000000000004,257
2018,8,26,12,30,180,3,0.30000000000000004,261
2018,8,26,13,0,655,0,0.30000000000000004,264
2018,8,26,13,30,529,0,0.30000000000000004,266
2018,8,26,14,0,303,3,0.30000000000000004,268
2018,8,26,14,30,183,3,0.30000000000000004,268
2018,8,26,15,0,374,3,0.30000000000000004,268
2018,8,26,15,30,389,7,0.30000000000000004,270
2018,8,26,16,0,389,7,0.30000000000000004,271
2018,8,26,16,30,406,7,0.2,271
2018,8,26,17,0,390,7,0.2,271
2018,8,26,17,30,360,0,0.1,267
2018,8,26,18,0,218,0,0.1,262
2018,8,26,18,30,69,0,0.1,262
2018,8,26,19,0,7,0,0.2,250
2018,8,26,19,30,0,0,0.2,241
2018,8,26,20,0,0,3,0.1,233
2018,8,26,20,30,0,0,0.1,226
2018,8,26,21,0,0,0,0.1,220
2018,8,26,21,30,0,0,0.1,218
2018,8,26,22,0,0,0,0.1,215
2018,8,26,22,30,0,3,0.1,213
2018,8,26,23,0,0,7,0.1,211
2018,8,26,23,30,0,7,0.1,211
2018,8,27,0,0,0,7,0.1,212
2018,8,27,0,30,0,7,0.1,214
2018,8,27,1,0,0,0,0.1,215
2018,8,27,1,30,0,0,0.1,218
2018,8,27,2,0,0,0,0.1,221
2018,8,27,2,30,0,0,0.1,221
2018,8,27,3,0,0,0,0.1,222
2018,8,27,3,30,0,0,0.1,217
2018,8,27,4,0,0,0,0.1,212
2018,8,27,4,30,0,0,0.1,213
2018,8,27,5,0,0,0,0.1,214
2018,8,27,5,30,0,0,0.1,217
2018,8,27,6,0,29,0,0.1,219
2018,8,27,6,30,81,3,0.2,221
2018,8,27,7,0,160,3,0.2,224
2018,8,27,7,30,415,0,0.2,235
2018,8,27,8,0,452,0,0.30000000000000004,245
2018,8,27,8,30,603,0,0.30000000000000004,251
2018,8,27,9,0,639,0,0.30000000000000004,257
2018,8,27,9,30,666,0,0.30000000000000004,256
2018,8,27,10,0,682,0,0.30000000000000004,256
2018,8,27,10,30,702,0,0.30000000000000004,253
2018,8,27,11,0,715,0,0.30000000000000004,250
2018,8,27,11,30,573,0,0.30000000000000004,247
2018,8,27,12,0,309,3,0.30000000000000004,244
2018,8,27,12,30,268,3,0.30000000000000004,242
2018,8,27,13,0,486,3,0.30000000000000004,240
2018,8,27,13,30,750,0,0.30000000000000004,239
2018,8,27,14,0,765,0,0.30000000000000004,237
2018,8,27,14,30,609,0,0.30000000000000004,235
2018,8,27,15,0,554,0,0.30000000000000004,233
2018,8,27,15,30,292,7,0.30000000000000004,231
2018,8,27,16,0,427,7,0.30000000000000004,229
2018,8,27,16,30,644,0,0.30000000000000004,227
2018,8,27,17,0,589,0,0.30000000000000004,225
2018,8,27,17,30,511,0,0.2,222
2018,8,27,18,0,402,0,0.2,219
2018,8,27,18,30,237,0,0.2,219
2018,8,27,19,0,44,0,0.1,214
2018,8,27,19,30,0,0,0.1,213
2018,8,27,20,0,0,0,0.1,213
2018,8,27,20,30,0,0,0.1,212
2018,8,27,21,0,0,0,0.1,211
2018,8,27,21,30,0,0,0.1,209
2018,8,27,22,0,0,0,0.1,207
2018,8,27,22,30,0,0,0.1,207
2018,8,27,23,0,0,0,0.1,206
2018,8,27,23,30,0,0,0.1,207
2018,8,28,0,0,0,0,0.1,207
2018,8,28,0,30,0,0,0.1,207
2018,8,28,1,0,0,0,0.1,208
2018,8,28,1,30,0,0,0.1,208
2018,8,28,2,0,0,0,0.1,208
2018,8,28,2,30,0,0,0.1,207
2018,8,28,3,0,0,0,0.1,206
2018,8,28,3,30,0,0,0.1,205
2018,8,28,4,0,0,0,0.1,204
2018,8,28,4,30,0,0,0.1,202
2018,8,28,5,0,0,0,0.1,201
2018,8,28,5,30,0,0,0.1,199
2018,8,28,6,0,80,0,0.2,196
2018,8,28,6,30,299,0,0.2,199
2018,8,28,7,0,461,0,0.30000000000000004,201
2018,8,28,7,30,574,0,0.30000000000000004,215
2018,8,28,8,0,654,0,0.4,229
2018,8,28,8,30,712,0,0.4,234
2018,8,28,9,0,756,0,0.4,239
2018,8,28,9,30,786,0,0.4,240
2018,8,28,10,0,809,0,0.4,240
2018,8,28,10,30,828,0,0.4,238
2018,8,28,11,0,842,0,0.4,237
2018,8,28,11,30,852,0,0.4,236
2018,8,28,12,0,858,0,0.4,235
2018,8,28,12,30,687,0,0.4,234
2018,8,28,13,0,752,0,0.4,234
2018,8,28,13,30,680,0,0.4,235
2018,8,28,14,0,795,0,0.4,236
2018,8,28,14,30,672,0,0.4,237
2018,8,28,15,0,716,0,0.4,238
2018,8,28,15,30,602,0,0.4,239
2018,8,28,16,0,574,0,0.4,239
2018,8,28,16,30,676,0,0.30000000000000004,239
2018,8,28,17,0,614,0,0.30000000000000004,238
2018,8,28,17,30,529,0,0.2,237
2018,8,28,18,0,411,0,0.2,235
2018,8,28,18,30,239,0,0.2,235
2018,8,28,19,0,42,0,0.1,229
2018,8,28,19,30,0,0,0.1,225
2018,8,28,20,0,0,0,0.1,221
2018,8,28,20,30,0,0,0.1,217
2018,8,28,21,0,0,0,0.1,214
2018,8,28,21,30,0,0,0.1,212
2018,8,28,22,0,0,0,0.1,209
2018,8,28,22,30,0,0,0.1,207
2018,8,28,23,0,0,0,0.1,205
2018,8,28,23,30,0,0,0.1,203
2018,8,29,0,0,0,0,0.1,202
2018,8,29,0,30,0,0,0.1,201
2018,8,29,1,0,0,0,0.1,199
2018,8,29,1,30,0,0,0.1,199
2018,8,29,2,0,0,0,0.1,198
2018,8,29,2,30,0,0,0.1,198
2018,8,29,3,0,0,0,0.1,197
2018,8,29,3,30,0,3,0.1,195
2018,8,29,4,0,0,0,0.1,194
2018,8,29,4,30,0,0,0.2,193
2018,8,29,5,0,0,3,0.2,192
2018,8,29,5,30,0,3,0.2,191
2018,8,29,6,0,14,3,0.2,191
2018,8,29,6,30,176,3,0.30000000000000004,189
2018,8,29,7,0,456,0,0.30000000000000004,188
2018,8,29,7,30,624,0,0.4,196
2018,8,29,8,0,701,0,0.4,204
2018,8,29,8,30,752,0,0.4,212
2018,8,29,9,0,788,0,0.5,219
2018,8,29,9,30,814,0,0.5,221
2018,8,29,10,0,832,0,0.5,224
2018,8,29,10,30,713,0,0.5,224
2018,8,29,11,0,480,3,0.5,224
2018,8,29,11,30,733,0,0.5,226
2018,8,29,12,0,658,0,0.5,228
2018,8,29,12,30,773,0,0.5,232
2018,8,29,13,0,557,0,0.5,237
2018,8,29,13,30,508,0,0.5,241
2018,8,29,14,0,591,0,0.5,246
2018,8,29,14,30,379,3,0.5,252
2018,8,29,15,0,552,0,0.4,259
2018,8,29,15,30,411,7,0.4,269
2018,8,29,16,0,101,8,0.30000000000000004,278
2018,8,29,16,30,6,7,0.30000000000000004,292
2018,8,29,17,0,30,7,0.30000000000000004,306
2018,8,29,17,30,15,9,0.30000000000000004,318
2018,8,29,18,0,0,9,0.2,330
2018,8,29,18,30,0,9,0.2,330
2018,8,29,19,0,0,9,0.2,344
2018,8,29,19,30,0,6,0.2,172
2018,8,29,20,0,0,4,0.1,0
2018,8,29,20,30,0,7,0.1,13
2018,8,29,21,0,0,6,0.1,26
2018,8,29,21,30,0,6,0.1,44
2018,8,29,22,0,0,6,0.1,62
2018,8,29,22,30,0,6,0.1,75
2018,8,29,23,0,0,6,0.2,89
2018,8,29,23,30,0,6,0.2,97
2018,8,30,0,0,0,7,0.2,105
2018,8,30,0,30,0,7,0.2,194
2018,8,30,1,0,0,0,0.2,283
2018,8,30,1,30,0,0,0.2,298
2018,8,30,2,0,0,0,0.1,313
2018,8,30,2,30,0,0,0.1,319
2018,8,30,3,0,0,0,0.1,326
2018,8,30,3,30,0,0,0.1,333
2018,8,30,4,0,0,0,0.1,340
2018,8,30,4,30,0,0,0.1,346
2018,8,30,5,0,0,0,0.1,353
2018,8,30,5,30,0,0,0.1,179
2018,8,30,6,0,27,3,0.1,4
2018,8,30,6,30,30,4,0.2,9
2018,8,30,7,0,201,3,0.2,14
2018,8,30,7,30,22,3,0.2,18
2018,8,30,8,0,26,3,0.2,22
2018,8,30,8,30,10,3,0.2,23
2018,8,30,9,0,18,3,0.2,24
2018,8,30,9,30,27,3,0.2,20
2018,8,30,10,0,148,3,0.1,16
2018,8,30,10,30,445,0,0.1,187
2018,8,30,11,0,406,0,0.1,358
2018,8,30,11,30,168,4,0.1,354
2018,8,30,12,0,92,3,0.1,349
2018,8,30,12,30,66,4,0.1,347
2018,8,30,13,0,167,4,0.1,346
2018,8,30,13,30,275,3,0.1,347
2018,8,30,14,0,119,3,0.1,348
2018,8,30,14,30,235,3,0.1,351
2018,8,30,15,0,217,3,0.2,354
2018,8,30,15,30,311,7,0.2,356
2018,8,30,16,0,199,7,0.2,358
2018,8,30,16,30,85,8,0.2,179
2018,8,30,17,0,112,3,0.2,0
2018,8,30,17,30,367,0,0.2,2
2018,8,30,18,0,378,0,0.1,4
2018,8,30,18,30,200,0,0.1,4
2018,8,30,19,0,23,0,0.2,12
2018,8,30,19,30,0,0,0.2,18
2018,8,30,20,0,0,0,0.2,23
2018,8,30,20,30,0,0,0.2,29
2018,8,30,21,0,0,0,0.2,35
2018,8,30,21,30,0,0,0.1,40
2018,8,30,22,0,0,3,0.1,46
2018,8,30,22,30,0,3,0.1,48
2018,8,30,23,0,0,3,0.1,49
2018,8,30,23,30,0,0,0.1,50
2018,8,31,0,0,0,0,0.1,51
2018,8,31,0,30,0,3,0.1,52
2018,8,31,1,0,0,0,0.1,52
2018,8,31,1,30,0,0,0.1,54
2018,8,31,2,0,0,0,0.1,55
2018,8,31,2,30,0,0,0.1,57
2018,8,31,3,0,0,0,0.1,58
2018,8,31,3,30,0,0,0.1,60
2018,8,31,4,0,0,0,0.1,62
2018,8,31,4,30,0,0,0.1,63
2018,8,31,5,0,0,0,0.1,64
2018,8,31,5,30,0,0,0.1,64
2018,8,31,6,0,60,0,0.1,64
2018,8,31,6,30,267,0,0.1,67
2018,8,31,7,0,405,0,0.1,69
2018,8,31,7,30,553,0,0.1,94
2018,8,31,8,0,609,0,0.0,118
2018,8,31,8,30,600,0,0.1,173
2018,8,31,9,0,758,0,0.1,229
2018,8,31,9,30,792,0,0.1,239
2018,8,31,10,0,754,0,0.1,249
2018,8,31,10,30,607,7,0.1,260
2018,8,31,11,0,409,7,0.1,270
2018,8,31,11,30,323,7,0.1,277
2018,8,31,12,0,312,7,0.1,284
2018,8,31,12,30,486,7,0.1,287
2018,8,31,13,0,634,0,0.1,290
2018,8,31,13,30,436,7,0.1,292
2018,8,31,14,0,469,7,0.1,293
2018,8,31,14,30,582,7,0.1,293
2018,8,31,15,0,751,0,0.1,292
2018,8,31,15,30,676,0,0.1,290
2018,8,31,16,0,735,0,0.1,288
2018,8,31,16,30,515,0,0.1,266
2018,8,31,17,0,458,0,0.1,245
2018,8,31,17,30,535,0,0.2,217
2018,8,31,18,0,437,0,0.30000000000000004,189
2018,8,31,18,30,249,0,0.30000000000000004,189
2018,8,31,19,0,31,0,0.5,147
2018,8,31,19,30,0,0,0.6000000000000001,138
2018,8,31,20,0,0,7,0.7000000000000001,130
2018,8,31,20,30,0,0,0.7000000000000001,129
2018,8,31,21,0,0,7,0.7000000000000001,128
2018,8,31,21,30,0,7,0.6000000000000001,132
2018,8,31,22,0,0,7,0.6000000000000001,136
2018,8,31,22,30,0,7,0.4,142
2018,8,31,23,0,0,7,0.30000000000000004,148
2018,8,31,23,30,0,7,0.2,153
2018,9,1,0,0,0,7,0.1,158
2018,9,1,0,30,0,7,0.1,162
2018,9,1,1,0,0,7,0.1,165
2018,9,1,1,30,0,7,0.1,167
2018,9,1,2,0,0,7,0.1,169
2018,9,1,2,30,0,7,0.1,169
2018,9,1,3,0,0,7,0.1,170
2018,9,1,3,30,0,7,0.1,169
2018,9,1,4,0,0,7,0.1,169
2018,9,1,4,30,0,7,0.1,167
2018,9,1,5,0,0,7,0.1,165
2018,9,1,5,30,0,7,0.1,165
2018,9,1,6,0,10,7,0.1,165
2018,9,1,6,30,72,4,0.2,169
2018,9,1,7,0,113,3,0.2,174
2018,9,1,7,30,45,4,0.2,188
2018,9,1,8,0,1,4,0.2,203
2018,9,1,8,30,0,4,0.2,208
2018,9,1,9,0,26,4,0.30000000000000004,213
2018,9,1,9,30,134,4,0.30000000000000004,214
2018,9,1,10,0,197,4,0.30000000000000004,216
2018,9,1,10,30,32,4,0.30000000000000004,215
2018,9,1,11,0,37,4,0.30000000000000004,214
2018,9,1,11,30,253,4,0.30000000000000004,211
2018,9,1,12,0,129,4,0.2,209
2018,9,1,12,30,169,4,0.2,203
2018,9,1,13,0,332,3,0.2,198
2018,9,1,13,30,436,3,0.2,194
2018,9,1,14,0,593,0,0.30000000000000004,189
2018,9,1,14,30,700,0,0.30000000000000004,188
2018,9,1,15,0,781,0,0.30000000000000004,187
2018,9,1,15,30,752,0,0.30000000000000004,188
2018,9,1,16,0,548,0,0.30000000000000004,189
2018,9,1,16,30,434,0,0.30000000000000004,190
2018,9,1,17,0,378,0,0.2,191
2018,9,1,17,30,83,3,0.2,189
2018,9,1,18,0,157,7,0.1,187
2018,9,1,18,30,48,7,0.1,187
2018,9,1,19,0,4,6,0.1,181
2018,9,1,19,30,0,7,0.1,181
2018,9,1,20,0,0,7,0.1,181
2018,9,1,20,30,0,7,0.1,184
2018,9,1,21,0,0,7,0.1,187
2018,9,1,21,30,0,8,0.1,191
2018,9,1,22,0,0,0,0.1,195
2018,9,1,22,30,0,0,0.1,198
2018,9,1,23,0,0,3,0.1,201
2018,9,1,23,30,0,0,0.1,203
2018,9,2,0,0,0,0,0.1,205
2018,9,2,0,30,0,0,0.1,206
2018,9,2,1,0,0,0,0.1,206
2018,9,2,1,30,0,0,0.1,207
2018,9,2,2,0,0,0,0.1,209
2018,9,2,2,30,0,0,0.1,209
2018,9,2,3,0,0,0,0.1,209
2018,9,2,3,30,0,0,0.1,214
2018,9,2,4,0,0,3,0.1,220
2018,9,2,4,30,0,3,0.1,218
2018,9,2,5,0,0,3,0.1,216
2018,9,2,5,30,0,0,0.2,213
2018,9,2,6,0,51,0,0.2,209
2018,9,2,6,30,264,0,0.2,209
2018,9,2,7,0,433,0,0.2,208
2018,9,2,7,30,549,0,0.2,218
2018,9,2,8,0,629,0,0.30000000000000004,228
2018,9,2,8,30,690,0,0.2,235
2018,9,2,9,0,736,0,0.2,242
2018,9,2,9,30,776,0,0.2,241
2018,9,2,10,0,809,0,0.2,239
2018,9,2,10,30,828,0,0.2,236
2018,9,2,11,0,842,0,0.2,232
2018,9,2,11,30,711,0,0.2,230
2018,9,2,12,0,477,3,0.2,227
2018,9,2,12,30,220,3,0.2,226
2018,9,2,13,0,377,3,0.30000000000000004,224
2018,9,2,13,30,668,0,0.30000000000000004,224
2018,9,2,14,0,576,0,0.30000000000000004,224
2018,9,2,14,30,761,0,0.30000000000000004,225
2018,9,2,15,0,772,0,0.30000000000000004,226
2018,9,2,15,30,747,0,0.30000000000000004,227
2018,9,2,16,0,752,0,0.30000000000000004,228
2018,9,2,16,30,706,0,0.2,229
2018,9,2,17,0,643,0,0.2,230
2018,9,2,17,30,559,0,0.2,227
2018,9,2,18,0,436,0,0.2,224
2018,9,2,18,30,237,0,0.2,224
2018,9,2,19,0,16,0,0.5,222
2018,9,2,19,30,0,0,0.4,222
2018,9,2,20,0,0,0,0.4,221
2018,9,2,20,30,0,0,0.30000000000000004,219
2018,9,2,21,0,0,0,0.30000000000000004,218
2018,9,2,21,30,0,0,0.30000000000000004,217
2018,9,2,22,0,0,0,0.30000000000000004,217
2018,9,2,22,30,0,0,0.2,216
2018,9,2,23,0,0,0,0.2,215
2018,9,2,23,30,0,0,0.2,218
2018,9,3,0,0,0,0,0.1,221
2018,9,3,0,30,0,0,0.1,219
2018,9,3,1,0,0,0,0.1,218
2018,9,3,1,30,0,0,0.1,216
2018,9,3,2,0,0,0,0.1,213
2018,9,3,2,30,0,0,0.1,212
2018,9,3,3,0,0,0,0.1,210
2018,9,3,3,30,0,0,0.1,209
2018,9,3,4,0,0,0,0.1,207
2018,9,3,4,30,0,0,0.1,206
2018,9,3,5,0,0,0,0.1,205
2018,9,3,5,30,0,0,0.1,204
2018,9,3,6,0,56,0,0.1,202
2018,9,3,6,30,283,0,0.1,197
2018,9,3,7,0,458,0,0.2,193
2018,9,3,7,30,576,0,0.2,206
2018,9,3,8,0,658,0,0.2,218
2018,9,3,8,30,716,0,0.2,229
2018,9,3,9,0,759,0,0.2,239
2018,9,3,9,30,792,0,0.2,243
2018,9,3,10,0,816,0,0.2,247
2018,9,3,10,30,833,0,0.1,251
2018,9,3,11,0,846,0,0.1,254
2018,9,3,11,30,775,0,0.1,259
2018,9,3,12,0,483,0,0.1,264
2018,9,3,12,30,776,0,0.1,269
2018,9,3,13,0,862,0,0.1,274
2018,9,3,13,30,855,0,0.1,280
2018,9,3,14,0,844,0,0.1,286
2018,9,3,14,30,828,0,0.1,292
2018,9,3,15,0,806,0,0.1,298
2018,9,3,15,30,775,0,0.1,306
2018,9,3,16,0,734,0,0.1,314
2018,9,3,16,30,682,0,0.1,321
2018,9,3,17,0,611,0,0.1,328
2018,9,3,17,30,445,7,0.2,344
2018,9,3,18,0,326,7,0.30000000000000004,360
2018,9,3,18,30,189,7,0.30000000000000004,360
2018,9,3,19,0,11,7,0.5,29
2018,9,3,19,30,0,0,0.5,40
2018,9,3,20,0,0,7,0.4,52
2018,9,3,20,30,0,7,0.4,60
2018,9,3,21,0,0,7,0.30000000000000004,69
2018,9,3,21,30,0,7,0.30000000000000004,76
2018,9,3,22,0,0,7,0.30000000000000004,84
2018,9,3,22,30,0,7,0.30000000000000004,91
2018,9,3,23,0,0,7,0.30000000000000004,98
2018,9,3,23,30,0,0,0.30000000000000004,106
2018,9,4,0,0,0,0,0.30000000000000004,113
2018,9,4,0,30,0,0,0.30000000000000004,120
2018,9,4,1,0,0,0,0.30000000000000004,127
2018,9,4,1,30,0,0,0.30000000000000004,134
2018,9,4,2,0,0,0,0.30000000000000004,140
2018,9,4,2,30,0,0,0.30000000000000004,142
2018,9,4,3,0,0,0,0.4,145
2018,9,4,3,30,0,0,0.4,147
2018,9,4,4,0,0,0,0.5,149
2018,9,4,4,30,0,0,0.5,150
2018,9,4,5,0,0,0,0.5,151
2018,9,4,5,30,0,0,0.4,150
2018,9,4,6,0,54,0,0.2,149
2018,9,4,6,30,277,0,0.2,148
2018,9,4,7,0,453,0,0.1,146
2018,9,4,7,30,571,0,0.1,159
2018,9,4,8,0,654,0,0.1,171
2018,9,4,8,30,713,0,0.1,182
2018,9,4,9,0,756,0,0.1,193
2018,9,4,9,30,789,0,0.1,191
2018,9,4,10,0,815,0,0.1,189
2018,9,4,10,30,833,0,0.1,190
2018,9,4,11,0,845,0,0.1,191
2018,9,4,11,30,854,0,0.1,194
2018,9,4,12,0,858,0,0.1,197
2018,9,4,12,30,569,0,0.1,201
2018,9,4,13,0,388,3,0.1,204
2018,9,4,13,30,418,3,0.1,206
2018,9,4,14,0,250,3,0.1,209
2018,9,4,14,30,467,0,0.1,210
2018,9,4,15,0,783,0,0.1,211
2018,9,4,15,30,749,0,0.1,208
2018,9,4,16,0,704,0,0.1,206
2018,9,4,16,30,649,0,0.1,201
2018,9,4,17,0,576,0,0.1,196
2018,9,4,17,30,483,0,0.30000000000000004,186
2018,9,4,18,0,351,0,0.5,177
2018,9,4,18,30,159,0,0.5,177
2018,9,4,19,0,8,0,0.7000000000000001,168
2018,9,4,19,30,0,0,0.7000000000000001,165
2018,9,4,20,0,0,0,0.7000000000000001,161
2018,9,4,20,30,0,0,0.7000000000000001,161
2018,9,4,21,0,0,0,0.6000000000000001,161
2018,9,4,21,30,0,0,0.5,164
2018,9,4,22,0,0,0,0.4,168
2018,9,4,22,30,0,0,0.30000000000000004,172
2018,9,4,23,0,0,0,0.2,176
2018,9,4,23,30,0,0,0.1,179
2018,9,5,0,0,0,0,0.1,182
2018,9,5,0,30,0,0,0.1,184
2018,9,5,1,0,0,0,0.1,185
2018,9,5,1,30,0,0,0.1,184
2018,9,5,2,0,0,0,0.1,183
2018,9,5,2,30,0,0,0.1,181
2018,9,5,3,0,0,0,0.1,179
2018,9,5,3,30,0,0,0.1,177
2018,9,5,4,0,0,0,0.1,174
2018,9,5,4,30,0,0,0.1,172
2018,9,5,5,0,0,0,0.1,171
2018,9,5,5,30,0,0,0.1,170
2018,9,5,6,0,51,0,0.1,169
2018,9,5,6,30,275,0,0.1,168
2018,9,5,7,0,456,0,0.1,167
2018,9,5,7,30,578,0,0.2,180
2018,9,5,8,0,662,0,0.2,193
2018,9,5,8,30,721,0,0.2,203
2018,9,5,9,0,765,0,0.2,212
2018,9,5,9,30,796,0,0.2,213
2018,9,5,10,0,820,0,0.2,215
2018,9,5,10,30,837,0,0.30000000000000004,214
2018,9,5,11,0,848,0,0.30000000000000004,214
2018,9,5,11,30,855,0,0.30000000000000004,215
2018,9,5,12,0,856,0,0.30000000000000004,215
2018,9,5,12,30,823,0,0.30000000000000004,216
2018,9,5,13,0,677,0,0.30000000000000004,217
2018,9,5,13,30,675,0,0.30000000000000004,218
2018,9,5,14,0,437,7,0.30000000000000004,219
2018,9,5,14,30,219,7,0.30000000000000004,219
2018,9,5,15,0,411,7,0.30000000000000004,219
2018,9,5,15,30,713,0,0.30000000000000004,218
2018,9,5,16,0,651,0,0.2,216
2018,9,5,16,30,447,7,0.2,213
2018,9,5,17,0,335,7,0.2,210
2018,9,5,17,30,412,7,0.1,207
2018,9,5,18,0,329,7,0.1,204
2018,9,5,18,30,156,7,0.1,204
2018,9,5,19,0,0,7,0.1,201
2018,9,5,19,30,0,3,0.1,202
2018,9,5,20,0,0,0,0.1,202
2018,9,5,20,30,0,0,0.1,204
2018,9,5,21,0,0,0,0.1,206
2018,9,5,21,30,0,7,0.1,211
2018,9,5,22,0,0,7,0.1,215
2018,9,5,22,30,0,7,0.1,220
2018,9,5,23,0,0,7,0.1,224
2018,9,5,23,30,0,7,0.1,228
2018,9,6,0,0,0,3,0.1,232
2018,9,6,0,30,0,4,0.1,236
2018,9,6,1,0,0,4,0.1,240
2018,9,6,1,30,0,7,0.1,245
2018,9,6,2,0,0,7,0.1,250
2018,9,6,2,30,0,0,0.1,252
2018,9,6,3,0,0,0,0.1,254
2018,9,6,3,30,0,3,0.2,255
2018,9,6,4,0,0,3,0.2,257
2018,9,6,4,30,0,0,0.2,262
2018,9,6,5,0,0,0,0.2,267
2018,9,6,5,30,0,0,0.2,282
2018,9,6,6,0,26,0,0.2,298
2018,9,6,6,30,133,0,0.1,319
2018,9,6,7,0,198,3,0.1,340
2018,9,6,7,30,163,3,0.1,172
2018,9,6,8,0,437,0,0.1,4
2018,9,6,8,30,658,0,0.1,173
2018,9,6,9,0,721,0,0.1,343
2018,9,6,9,30,750,0,0.1,327
2018,9,6,10,0,654,0,0.1,311
2018,9,6,10,30,773,0,0.2,310
2018,9,6,11,0,769,0,0.2,308
2018,9,6,11,30,516,0,0.2,311
2018,9,6,12,0,80,4,0.2,314
2018,9,6,12,30,43,4,0.2,317
2018,9,6,13,0,9,4,0.2,321
2018,9,6,13,30,30,4,0.30000000000000004,325
2018,9,6,14,0,85,8,0.30000000000000004,330
2018,9,6,14,30,11,8,0.30000000000000004,335
2018,9,6,15,0,1,6,0.30000000000000004,340
2018,9,6,15,30,102,8,0.30000000000000004,344
2018,9,6,16,0,82,6,0.30000000000000004,347
2018,9,6,16,30,23,7,0.2,351
2018,9,6,17,0,9,8,0.2,354
2018,9,6,17,30,34,8,0.2,357
2018,9,6,18,0,5,3,0.2,360
2018,9,6,18,30,26,3,0.2,360
2018,9,6,19,0,0,3,0.1,3
2018,9,6,19,30,0,7,0.1,5
2018,9,6,20,0,0,7,0.1,8
2018,9,6,20,30,0,7,0.1,10
2018,9,6,21,0,0,7,0.1,12
2018,9,6,21,30,0,7,0.1,16
2018,9,6,22,0,0,4,0.1,19
2018,9,6,22,30,0,4,0.1,22
2018,9,6,23,0,0,3,0.1,26
2018,9,6,23,30,0,7,0.1,28
2018,9,7,0,0,0,4,0.1,31
2018,9,7,0,30,0,4,0.1,32
2018,9,7,1,0,0,4,0.1,33
2018,9,7,1,30,0,7,0.1,33
2018,9,7,2,0,0,7,0.1,32
2018,9,7,2,30,0,7,0.1,32
2018,9,7,3,0,0,8,0.1,31
2018,9,7,3,30,0,4,0.1,31
2018,9,7,4,0,0,8,0.1,30
2018,9,7,4,30,0,8,0.1,29
2018,9,7,5,0,0,4,0.1,27
2018,9,7,5,30,0,8,0.1,27
2018,9,7,6,0,0,4,0.1,27
2018,9,7,6,30,0,4,0.1,25
2018,9,7,7,0,0,4,0.1,23
2018,9,7,7,30,0,4,0.2,24
2018,9,7,8,0,0,4,0.2,24
2018,9,7,8,30,31,4,0.2,23
2018,9,7,9,0,232,7,0.2,23
2018,9,7,9,30,194,4,0.2,23
2018,9,7,10,0,277,4,0.2,24
2018,9,7,10,30,315,3,0.2,24
2018,9,7,11,0,270,3,0.2,24
2018,9,7,11,30,287,3,0.2,20
2018,9,7,12,0,290,3,0.2,17
2018,9,7,12,30,301,3,0.2,12
2018,9,7,13,0,274,3,0.2,6
2018,9,7,13,30,74,8,0.2,182
2018,9,7,14,0,103,7,0.2,358
2018,9,7,14,30,223,7,0.2,357
2018,9,7,15,0,222,3,0.2,357
2018,9,7,15,30,226,7,0.2,358
2018,9,7,16,0,70,8,0.2,359
2018,9,7,16,30,15,8,0.2,180
2018,9,7,17,0,66,4,0.30000000000000004,0
2018,9,7,17,30,69,7,0.2,2
2018,9,7,18,0,3,7,0.2,4
2018,9,7,18,30,6,8,0.2,4
2018,9,7,19,0,0,8,0.2,10
2018,9,7,19,30,0,8,0.2,12
2018,9,7,20,0,0,8,0.2,14
2018,9,7,20,30,0,7,0.2,18
2018,9,7,21,0,0,8,0.2,22
2018,9,7,21,30,0,8,0.2,25
2018,9,7,22,0,0,8,0.2,28
2018,9,7,22,30,0,6,0.2,29
2018,9,7,23,0,0,7,0.2,30
2018,9,7,23,30,0,6,0.2,30
2018,9,8,0,0,0,7,0.2,29
2018,9,8,0,30,0,8,0.2,29
2018,9,8,1,0,0,8,0.2,30
2018,9,8,1,30,0,7,0.2,31
2018,9,8,2,0,0,7,0.2,32
2018,9,8,2,30,0,8,0.2,35
2018,9,8,3,0,0,8,0.2,38
2018,9,8,3,30,0,7,0.2,39
2018,9,8,4,0,0,7,0.2,40
2018,9,8,4,30,0,8,0.2,39
2018,9,8,5,0,0,6,0.2,37
2018,9,8,5,30,0,6,0.30000000000000004,37
2018,9,8,6,0,0,7,0.30000000000000004,37
2018,9,8,6,30,0,6,0.30000000000000004,42
2018,9,8,7,0,0,6,0.30000000000000004,48
2018,9,8,7,30,0,7,0.30000000000000004,55
2018,9,8,8,0,0,7,0.30000000000000004,61
2018,9,8,8,30,0,6,0.30000000000000004,67
2018,9,8,9,0,0,6,0.30000000000000004,72
2018,9,8,9,30,0,6,0.30000000000000004,75
2018,9,8,10,0,0,8,0.30000000000000004,78
2018,9,8,10,30,1,7,0.30000000000000004,78
2018,9,8,11,0,0,7,0.30000000000000004,77
2018,9,8,11,30,1,8,0.30000000000000004,76
2018,9,8,12,0,0,8,0.30000000000000004,74
2018,9,8,12,30,1,6,0.30000000000000004,72
2018,9,8,13,0,1,6,0.30000000000000004,70
2018,9,8,13,30,0,6,0.30000000000000004,67
2018,9,8,14,0,1,6,0.30000000000000004,64
2018,9,8,14,30,0,6,0.30000000000000004,63
2018,9,8,15,0,0,6,0.30000000000000004,61
2018,9,8,15,30,0,6,0.30000000000000004,61
2018,9,8,16,0,0,6,0.30000000000000004,61
2018,9,8,16,30,0,6,0.30000000000000004,59
2018,9,8,17,0,0,6,0.30000000000000004,58
2018,9,8,17,30,0,6,0.30000000000000004,58
2018,9,8,18,0,0,6,0.30000000000000004,59
2018,9,8,18,30,0,6,0.30000000000000004,59
2018,9,8,19,0,0,6,0.30000000000000004,63
2018,9,8,19,30,0,6,0.30000000000000004,66
2018,9,8,20,0,0,6,0.30000000000000004,68
2018,9,8,20,30,0,6,0.30000000000000004,70
2018,9,8,21,0,0,6,0.30000000000000004,71
2018,9,8,21,30,0,6,0.30000000000000004,71
2018,9,8,22,0,0,6,0.30000000000000004,72
2018,9,8,22,30,0,6,0.30000000000000004,72
2018,9,8,23,0,0,6,0.4,71
2018,9,8,23,30,0,6,0.4,72
2018,9,9,0,0,0,6,0.4,73
2018,9,9,0,30,0,7,0.4,76
2018,9,9,1,0,0,7,0.4,79
2018,9,9,1,30,0,7,0.4,80
2018,9,9,2,0,0,7,0.4,81
2018,9,9,2,30,0,7,0.4,81
2018,9,9,3,0,0,8,0.4,81
2018,9,9,3,30,0,7,0.4,80
2018,9,9,4,0,0,6,0.4,79
2018,9,9,4,30,0,6,0.4,79
2018,9,9,5,0,0,7,0.4,79
2018,9,9,5,30,0,7,0.4,78
2018,9,9,6,0,5,7,0.4,77
2018,9,9,6,30,0,7,0.4,76
2018,9,9,7,0,0,6,0.4,75
2018,9,9,7,30,0,6,0.4,76
2018,9,9,8,0,0,7,0.4,77
2018,9,9,8,30,0,7,0.4,79
2018,9,9,9,0,2,7,0.4,81
2018,9,9,9,30,0,7,0.4,83
2018,9,9,10,0,0,7,0.4,86
2018,9,9,10,30,1,7,0.4,86
2018,9,9,11,0,3,6,0.4,87
2018,9,9,11,30,2,6,0.4,87
2018,9,9,12,0,0,6,0.4,88
2018,9,9,12,30,0,6,0.4,88
2018,9,9,13,0,0,6,0.4,88
2018,9,9,13,30,0,6,0.4,88
2018,9,9,14,0,0,6,0.4,87
2018,9,9,14,30,0,7,0.4,87
2018,9,9,15,0,0,7,0.4,87
2018,9,9,15,30,0,4,0.4,87
2018,9,9,16,0,0,4,0.4,87
2018,9,9,16,30,0,4,0.4,89
2018,9,9,17,0,0,4,0.4,90
2018,9,9,17,30,8,4,0.4,92
2018,9,9,18,0,1,8,0.4,93
2018,9,9,18,30,3,8,0.4,93
2018,9,9,19,0,0,8,0.4,96
2018,9,9,19,30,0,8,0.4,97
2018,9,9,20,0,0,8,0.4,98
2018,9,9,20,30,0,8,0.4,101
2018,9,9,21,0,0,8,0.4,105
2018,9,9,21,30,0,7,0.4,106
2018,9,9,22,0,0,7,0.4,107
2018,9,9,22,30,0,8,0.4,108
2018,9,9,23,0,0,4,0.4,109
2018,9,9,23,30,0,8,0.4,111
2018,9,10,0,0,0,8,0.4,113
2018,9,10,0,30,0,4,0.4,117
2018,9,10,1,0,0,4,0.4,121
2018,9,10,1,30,0,3,0.4,125
2018,9,10,2,0,0,4,0.4,129
2018,9,10,2,30,0,4,0.30000000000000004,134
2018,9,10,3,0,0,4,0.30000000000000004,139
2018,9,10,3,30,0,0,0.30000000000000004,146
2018,9,10,4,0,0,0,0.2,153
2018,9,10,4,30,0,0,0.2,158
2018,9,10,5,0,0,0,0.2,162
2018,9,10,5,30,0,0,0.2,167
2018,9,10,6,0,35,0,0.2,172
2018,9,10,6,30,237,0,0.2,174
2018,9,10,7,0,58,3,0.30000000000000004,176
2018,9,10,7,30,0,3,0.30000000000000004,176
2018,9,10,8,0,2,3,0.30000000000000004,177
2018,9,10,8,30,39,3,0.30000000000000004,180
2018,9,10,9,0,17,3,0.30000000000000004,182
2018,9,10,9,30,91,3,0.30000000000000004,187
2018,9,10,10,0,20,3,0.30000000000000004,192
2018,9,10,10,30,29,3,0.30000000000000004,197
2018,9,10,11,0,36,3,0.30000000000000004,202
2018,9,10,11,30,16,3,0.30000000000000004,207
2018,9,10,12,0,57,3,0.30000000000000004,212
2018,9,10,12,30,18,3,0.4,217
2018,9,10,13,0,9,3,0.4,222
2018,9,10,13,30,11,3,0.4,225
2018,9,10,14,0,9,3,0.4,228
2018,9,10,14,30,3,3,0.4,230
2018,9,10,15,0,14,3,0.4,233
2018,9,10,15,30,1,3,0.30000000000000004,234
2018,9,10,16,0,3,3,0.30000000000000004,235
2018,9,10,16,30,1,3,0.30000000000000004,235
2018,9,10,17,0,0,3,0.2,235
2018,9,10,17,30,0,3,0.2,232
2018,9,10,18,0,0,3,0.1,230
2018,9,10,18,30,3,3,0.1,230
2018,9,10,19,0,0,3,0.1,228
2018,9,10,19,30,0,0,0.1,229
2018,9,10,20,0,0,0,0.1,230
2018,9,10,20,30,0,0,0.1,232
2018,9,10,21,0,0,0,0.1,235
2018,9,10,21,30,0,0,0.1,237
2018,9,10,22,0,0,3,0.1,240
2018,9,10,22,30,0,3,0.1,242
2018,9,10,23,0,0,3,0.1,243
2018,9,10,23,30,0,3,0.1,245
2018,9,11,0,0,0,3,0.1,248
2018,9,11,0,30,0,3,0.1,251
2018,9,11,1,0,0,3,0.1,255
2018,9,11,1,30,0,3,0.1,258
2018,9,11,2,0,0,7,0.1,262
2018,9,11,2,30,0,7,0.1,268
2018,9,11,3,0,0,7,0.1,273
2018,9,11,3,30,0,7,0.1,280
2018,9,11,4,0,0,7,0.1,288
2018,9,11,4,30,0,7,0.1,294
2018,9,11,5,0,0,7,0.2,301
2018,9,11,5,30,0,7,0.1,307
2018,9,11,6,0,11,7,0.1,312
2018,9,11,6,30,124,7,0.1,318
2018,9,11,7,0,228,7,0.2,324
2018,9,11,7,30,193,3,0.2,328
2018,9,11,8,0,7,3,0.2,332
2018,9,11,8,30,0,3,0.2,332
2018,9,11,9,0,0,3,0.1,333
2018,9,11,9,30,1,3,0.1,335
2018,9,11,10,0,2,3,0.1,338
2018,9,11,10,30,1,3,0.1,340
2018,9,11,11,0,2,3,0.1,343
2018,9,11,11,30,3,3,0.1,350
2018,9,11,12,0,11,3,0.0,358
2018,9,11,12,30,22,7,0.0,207
2018,9,11,13,0,23,3,0.0,56
2018,9,11,13,30,7,3,0.0,73
2018,9,11,14,0,7,3,0.0,91
2018,9,11,14,30,12,7,0.0,95
2018,9,11,15,0,17,3,0.0,99
2018,9,11,15,30,19,7,0.0,96
2018,9,11,16,0,0,3,0.0,94
2018,9,11,16,30,17,3,0.1,93
2018,9,11,17,0,15,3,0.1,92
2018,9,11,17,30,0,3,0.30000000000000004,86
2018,9,11,18,0,21,3,0.4,80
2018,9,11,18,30,1,7,0.4,80
2018,9,11,19,0,0,7,0.6000000000000001,72
2018,9,11,19,30,0,7,0.6000000000000001,72
2018,9,11,20,0,0,7,0.6000000000000001,72
2018,9,11,20,30,0,3,0.5,75
2018,9,11,21,0,0,3,0.4,78
2018,9,11,21,30,0,7,0.30000000000000004,80
2018,9,11,22,0,0,7,0.1,83
2018,9,11,22,30,0,7,0.1,84
2018,9,11,23,0,0,7,0.1,86
2018,9,11,23,30,0,7,0.1,88
2018,9,12,0,0,0,7,0.1,89
2018,9,12,0,30,0,7,0.1,88
2018,9,12,1,0,0,7,0.1,86
2018,9,12,1,30,0,7,0.1,82
2018,9,12,2,0,0,7,0.1,78
2018,9,12,2,30,0,7,0.1,74
2018,9,12,3,0,0,7,0.1,70
2018,9,12,3,30,0,7,0.1,66
2018,9,12,4,0,0,7,0.1,62
2018,9,12,4,30,0,7,0.1,59
2018,9,12,5,0,0,7,0.1,57
2018,9,12,5,30,0,7,0.1,55
2018,9,12,6,0,8,7,0.1,53
2018,9,12,6,30,15,7,0.1,52
2018,9,12,7,0,49,7,0.2,51
2018,9,12,7,30,73,7,0.2,51
2018,9,12,8,0,58,7,0.2,52
2018,9,12,8,30,164,7,0.2,56
2018,9,12,9,0,269,7,0.2,60
2018,9,12,9,30,408,7,0.2,67
2018,9,12,10,0,374,7,0.2,73
2018,9,12,10,30,452,7,0.1,83
2018,9,12,11,0,491,7,0.1,93
2018,9,12,11,30,348,7,0.1,107
2018,9,12,12,0,379,7,0.1,121
2018,9,12,12,30,295,7,0.1,130
2018,9,12,13,0,200,7,0.1,140
2018,9,12,13,30,214,7,0.1,144
2018,9,12,14,0,186,7,0.1,148
2018,9,12,14,30,76,4,0.1,147
2018,9,12,15,0,15,4,0.1,146
2018,9,12,15,30,135,7,0.1,140
2018,9,12,16,0,42,4,0.1,134
2018,9,12,16,30,52,4,0.1,126
2018,9,12,17,0,64,7,0.1,118
2018,9,12,17,30,14,3,0.30000000000000004,100
2018,9,12,18,0,38,7,0.4,81
2018,9,12,18,30,6,3,0.4,81
2018,9,12,19,0,0,3,0.6000000000000001,68
2018,9,12,19,30,0,3,0.5,68
2018,9,12,20,0,0,3,0.4,69
2018,9,12,20,30,0,3,0.30000000000000004,70
2018,9,12,21,0,0,3,0.2,72
2018,9,12,21,30,0,3,0.1,73
2018,9,12,22,0,0,3,0.1,75
2018,9,12,22,30,0,7,0.1,79
2018,9,12,23,0,0,7,0.1,84
2018,9,12,23,30,0,7,0.1,86
2018,9,13,0,0,0,7,0.1,89
2018,9,13,0,30,0,7,0.1,91
2018,9,13,1,0,0,7,0.1,93
2018,9,13,1,30,0,7,0.1,95
2018,9,13,2,0,0,0,0.1,97
2018,9,13,2,30,0,0,0.1,100
2018,9,13,3,0,0,0,0.1,102
2018,9,13,3,30,0,7,0.1,105
2018,9,13,4,0,0,3,0.1,108
2018,9,13,4,30,0,3,0.1,109
2018,9,13,5,0,0,3,0.1,109
2018,9,13,5,30,0,3,0.1,109
2018,9,13,6,0,0,3,0.1,109
2018,9,13,6,30,0,3,0.1,109
2018,9,13,7,0,0,4,0.1,109
2018,9,13,7,30,0,4,0.1,114
2018,9,13,8,0,0,4,0.1,119
2018,9,13,8,30,6,4,0.1,128
2018,9,13,9,0,11,3,0.1,136
2018,9,13,9,30,31,3,0.2,146
2018,9,13,10,0,80,3,0.2,156
2018,9,13,10,30,212,3,0.2,163
2018,9,13,11,0,334,3,0.2,169
2018,9,13,11,30,421,3,0.2,173
2018,9,13,12,0,272,3,0.2,176
2018,9,13,12,30,116,3,0.1,174
2018,9,13,13,0,210,3,0.1,172
2018,9,13,13,30,215,3,0.1,164
2018,9,13,14,0,256,3,0.1,156
2018,9,13,14,30,136,3,0.1,148
2018,9,13,15,0,44,4,0.1,140
2018,9,13,15,30,63,4,0.2,134
2018,9,13,16,0,6,4,0.2,128
2018,9,13,16,30,85,3,0.2,124
2018,9,13,17,0,252,3,0.1,120
2018,9,13,17,30,429,0,0.1,117
2018,9,13,18,0,298,0,0.1,114
2018,9,13,18,30,74,0,0.1,114
2018,9,13,19,0,0,0,0.1,112
2018,9,13,19,30,0,0,0.1,113
2018,9,13,20,0,0,0,0.1,114
2018,9,13,20,30,0,0,0.1,116
2018,9,13,21,0,0,0,0.1,118
2018,9,13,21,30,0,0,0.1,119
2018,9,13,22,0,0,0,0.1,120
2018,9,13,22,30,0,0,0.1,120
2018,9,13,23,0,0,0,0.1,120
2018,9,13,23,30,0,0,0.1,120
2018,9,14,0,0,0,0,0.1,121
2018,9,14,0,30,0,0,0.1,122
2018,9,14,1,0,0,0,0.1,123
2018,9,14,1,30,0,0,0.1,124
2018,9,14,2,0,0,0,0.1,124
2018,9,14,2,30,0,0,0.1,124
2018,9,14,3,0,0,0,0.1,124
2018,9,14,3,30,0,0,0.1,124
2018,9,14,4,0,0,0,0.1,124
2018,9,14,4,30,0,0,0.1,124
2018,9,14,5,0,0,0,0.1,124
2018,9,14,5,30,0,0,0.1,124
2018,9,14,6,0,13,0,0.1,124
2018,9,14,6,30,30,3,0.2,125
2018,9,14,7,0,52,3,0.2,127
2018,9,14,7,30,534,0,0.2,135
2018,9,14,8,0,663,0,0.2,144
2018,9,14,8,30,728,0,0.2,145
2018,9,14,9,0,775,0,0.2,147
2018,9,14,9,30,810,0,0.2,141
2018,9,14,10,0,837,0,0.2,135
2018,9,14,10,30,855,0,0.2,131
2018,9,14,11,0,868,0,0.2,126
2018,9,14,11,30,878,0,0.2,123
2018,9,14,12,0,883,0,0.2,120
2018,9,14,12,30,877,0,0.2,117
2018,9,14,13,0,653,0,0.2,113
2018,9,14,13,30,478,0,0.2,109
2018,9,14,14,0,434,2,0.2,104
2018,9,14,14,30,285,3,0.2,99
2018,9,14,15,0,136,3,0.2,94
2018,9,14,15,30,166,3,0.2,92
2018,9,14,16,0,631,0,0.2,90
2018,9,14,16,30,657,0,0.1,90
2018,9,14,17,0,571,0,0.1,91
2018,9,14,17,30,456,0,0.1,89
2018,9,14,18,0,281,0,0.1,87
2018,9,14,18,30,54,0,0.1,87
2018,9,14,19,0,0,0,0.1,79
2018,9,14,19,30,0,0,0.1,78
2018,9,14,20,0,0,0,0.1,77
2018,9,14,20,30,0,0,0.1,79
2018,9,14,21,0,0,0,0.1,81
2018,9,14,21,30,0,0,0.1,87
2018,9,14,22,0,0,0,0.1,93
2018,9,14,22,30,0,0,0.1,101
2018,9,14,23,0,0,0,0.1,109
2018,9,14,23,30,0,0,0.1,114
2018,9,15,0,0,0,0,0.1,119
2018,9,15,0,30,0,0,0.1,119
2018,9,15,1,0,0,0,0.1,120
2018,9,15,1,30,0,0,0.1,116
2018,9,15,2,0,0,0,0.1,113
2018,9,15,2,30,0,0,0.1,108
2018,9,15,3,0,0,0,0.1,104
2018,9,15,3,30,0,0,0.1,100
2018,9,15,4,0,0,0,0.1,96
2018,9,15,4,30,0,0,0.1,94
2018,9,15,5,0,0,0,0.1,92
2018,9,15,5,30,0,0,0.1,93
2018,9,15,6,0,17,0,0.1,95
2018,9,15,6,30,262,0,0.2,98
2018,9,15,7,0,479,0,0.2,102
2018,9,15,7,30,614,0,0.2,105
2018,9,15,8,0,702,0,0.2,108
2018,9,15,8,30,763,0,0.2,108
2018,9,15,9,0,807,0,0.2,109
2018,9,15,9,30,841,0,0.30000000000000004,110
2018,9,15,10,0,867,0,0.30000000000000004,110
2018,9,15,10,30,885,0,0.30000000000000004,112
2018,9,15,11,0,898,0,0.30000000000000004,113
2018,9,15,11,30,906,0,0.30000000000000004,113
2018,9,15,12,0,910,0,0.30000000000000004,113
2018,9,15,12,30,911,0,0.2,112
2018,9,15,13,0,459,3,0.2,110
2018,9,15,13,30,412,3,0.2,108
2018,9,15,14,0,376,3,0.2,106
2018,9,15,14,30,314,3,0.2,104
2018,9,15,15,0,642,0,0.2,102
2018,9,15,15,30,809,0,0.2,102
2018,9,15,16,0,722,0,0.2,102
2018,9,15,16,30,486,0,0.2,103
2018,9,15,17,0,480,0,0.2,104
2018,9,15,17,30,442,0,0.1,104
2018,9,15,18,0,330,0,0.1,104
2018,9,15,18,30,69,0,0.1,104
2018,9,15,19,0,0,0,0.1,102
2018,9,15,19,30,0,0,0.1,100
2018,9,15,20,0,0,0,0.1,99
2018,9,15,20,30,0,0,0.1,99
2018,9,15,21,0,0,0,0.1,99
2018,9,15,21,30,0,0,0.1,100
2018,9,15,22,0,0,0,0.1,100
2018,9,15,22,30,0,3,0.1,102
2018,9,15,23,0,0,7,0.1,104
2018,9,15,23,30,0,7,0.1,105
2018,9,16,0,0,0,7,0.1,106
2018,9,16,0,30,0,3,0.1,106
2018,9,16,1,0,0,0,0.1,106
2018,9,16,1,30,0,0,0.1,105
2018,9,16,2,0,0,0,0.1,104
2018,9,16,2,30,0,0,0.1,102
2018,9,16,3,0,0,0,0.1,100
2018,9,16,3,30,0,0,0.1,98
2018,9,16,4,0,0,0,0.1,97
2018,9,16,4,30,0,0,0.1,96
2018,9,16,5,0,0,0,0.1,96
2018,9,16,5,30,0,0,0.1,96
2018,9,16,6,0,0,0,0.1,96
2018,9,16,6,30,185,0,0.2,96
2018,9,16,7,0,403,0,0.2,95
2018,9,16,7,30,540,0,0.2,100
2018,9,16,8,0,630,0,0.2,105
2018,9,16,8,30,696,0,0.30000000000000004,107
2018,9,16,9,0,743,0,0.30000000000000004,109
2018,9,16,9,30,752,0,0.30000000000000004,110
2018,9,16,10,0,515,7,0.30000000000000004,110
2018,9,16,10,30,304,7,0.30000000000000004,112
2018,9,16,11,0,359,7,0.30000000000000004,114
2018,9,16,11,30,325,7,0.30000000000000004,118
2018,9,16,12,0,347,7,0.30000000000000004,122
2018,9,16,12,30,419,7,0.30000000000000004,125
2018,9,16,13,0,451,7,0.30000000000000004,128
2018,9,16,13,30,414,7,0.30000000000000004,128
2018,9,16,14,0,419,7,0.2,129
2018,9,16,14,30,378,7,0.2,127
2018,9,16,15,0,479,7,0.2,124
2018,9,16,15,30,299,7,0.2,122
2018,9,16,16,0,276,7,0.2,120
2018,9,16,16,30,218,7,0.2,117
2018,9,16,17,0,102,4,0.2,114
2018,9,16,17,30,0,4,0.1,110
2018,9,16,18,0,0,4,0.1,105
2018,9,16,18,30,18,7,0.1,105
2018,9,16,19,0,0,8,0.1,100
2018,9,16,19,30,0,8,0.1,100
2018,9,16,20,0,0,7,0.1,101
2018,9,16,20,30,0,7,0.1,102
2018,9,16,21,0,0,7,0.1,104
2018,9,16,21,30,0,7,0.1,104
2018,9,16,22,0,0,7,0.1,104
2018,9,16,22,30,0,3,0.1,104
2018,9,16,23,0,0,7,0.1,104
2018,9,16,23,30,0,7,0.1,104
2018,9,17,0,0,0,4,0.1,104
2018,9,17,0,30,0,4,0.1,104
2018,9,17,1,0,0,4,0.1,105
2018,9,17,1,30,0,7,0.1,105
2018,9,17,2,0,0,7,0.1,105
2018,9,17,2,30,0,8,0.1,103
2018,9,17,3,0,0,8,0.1,102
2018,9,17,3,30,0,8,0.1,99
2018,9,17,4,0,0,8,0.1,97
2018,9,17,4,30,0,8,0.1,95
2018,9,17,5,0,0,8,0.1,93
2018,9,17,5,30,0,8,0.1,89
2018,9,17,6,0,0,8,0.1,85
2018,9,17,6,30,0,8,0.2,82
2018,9,17,7,0,0,6,0.2,78
2018,9,17,7,30,0,6,0.2,74
2018,9,17,8,0,2,6,0.2,70
2018,9,17,8,30,0,6,0.2,70
2018,9,17,9,0,0,6,0.2,69
2018,9,17,9,30,0,6,0.30000000000000004,71
2018,9,17,10,0,0,6,0.30000000000000004,73
2018,9,17,10,30,0,6,0.30000000000000004,69
2018,9,17,11,0,0,8,0.30000000000000004,65
2018,9,17,11,30,0,8,0.30000000000000004,61
2018,9,17,12,0,0,6,0.30000000000000004,56
2018,9,17,12,30,0,8,0.30000000000000004,51
2018,9,17,13,0,0,8,0.30000000000000004,46
2018,9,17,13,30,8,8,0.30000000000000004,41
2018,9,17,14,0,4,8,0.30000000000000004,35
2018,9,17,14,30,0,8,0.30000000000000004,31
2018,9,17,15,0,3,4,0.30000000000000004,26
2018,9,17,15,30,1,4,0.30000000000000004,23
2018,9,17,16,0,0,4,0.2,19
2018,9,17,16,30,2,4,0.2,15
2018,9,17,17,0,0,4,0.2,12
2018,9,17,17,30,0,4,0.2,10
2018,9,17,18,0,0,4,0.1,8
2018,9,17,18,30,0,4,0.1,8
2018,9,17,19,0,0,4,0.1,1
2018,9,17,19,30,0,4,0.1,175
2018,9,17,20,0,0,8,0.1,350
2018,9,17,20,30,0,8,0.1,346
2018,9,17,21,0,0,4,0.1,343
2018,9,17,21,30,0,4,0.1,342
2018,9,17,22,0,0,4,0.1,342
2018,9,17,22,30,0,4,0.1,339
2018,9,17,23,0,0,7,0.1,337
2018,9,17,23,30,0,7,0.1,331
2018,9,18,0,0,0,3,0.1,325
2018,9,18,0,30,0,3,0.1,319
2018,9,18,1,0,0,3,0.1,313
2018,9,18,1,30,0,0,0.1,309
2018,9,18,2,0,0,0,0.1,305
2018,9,18,2,30,0,0,0.1,304
2018,9,18,3,0,0,0,0.1,302
2018,9,18,3,30,0,2,0.1,302
2018,9,18,4,0,0,2,0.1,302
2018,9,18,4,30,0,3,0.1,302
2018,9,18,5,0,0,3,0.1,301
2018,9,18,5,30,0,3,0.1,300
2018,9,18,6,0,0,0,0.1,298
2018,9,18,6,30,205,0,0.1,296
2018,9,18,7,0,445,0,0.2,295
2018,9,18,7,30,456,0,0.2,295
2018,9,18,8,0,142,3,0.2,295
2018,9,18,8,30,282,3,0.2,297
2018,9,18,9,0,442,0,0.2,298
2018,9,18,9,30,818,0,0.2,304
2018,9,18,10,0,827,0,0.2,309
2018,9,18,10,30,844,0,0.2,309
2018,9,18,11,0,853,0,0.2,309
2018,9,18,11,30,859,0,0.2,308
2018,9,18,12,0,861,0,0.2,306
2018,9,18,12,30,857,0,0.2,305
2018,9,18,13,0,664,0,0.30000000000000004,303
2018,9,18,13,30,633,0,0.30000000000000004,303
2018,9,18,14,0,270,3,0.30000000000000004,303
2018,9,18,14,30,297,3,0.2,303
2018,9,18,15,0,489,0,0.2,303
2018,9,18,15,30,434,0,0.2,305
2018,9,18,16,0,605,0,0.2,307
2018,9,18,16,30,553,0,0.2,312
2018,9,18,17,0,539,0,0.2,316
2018,9,18,17,30,412,0,0.4,320
2018,9,18,18,0,225,0,0.6000000000000001,323
2018,9,18,18,30,24,0,0.6000000000000001,323
2018,9,18,19,0,0,0,0.6000000000000001,339
2018,9,18,19,30,0,0,0.5,347
2018,9,18,20,0,0,0,0.5,354
2018,9,18,20,30,0,0,0.4,195
2018,9,18,21,0,0,0,0.30000000000000004,36
2018,9,18,21,30,0,0,0.30000000000000004,80
2018,9,18,22,0,0,0,0.30000000000000004,125
2018,9,18,22,30,0,0,0.30000000000000004,148
2018,9,18,23,0,0,0,0.30000000000000004,172
2018,9,18,23,30,0,0,0.4,194
2018,9,19,0,0,0,3,0.4,217
2018,9,19,0,30,0,7,0.4,241
2018,9,19,1,0,0,3,0.4,265
2018,9,19,1,30,0,0,0.5,285
2018,9,19,2,0,0,3,0.5,306
2018,9,19,2,30,0,4,0.5,315
2018,9,19,3,0,0,4,0.5,323
2018,9,19,3,30,0,3,0.4,340
2018,9,19,4,0,0,8,0.30000000000000004,356
2018,9,19,4,30,0,8,0.2,190
2018,9,19,5,0,0,4,0.1,23
2018,9,19,5,30,0,4,0.1,28
2018,9,19,6,0,0,4,0.1,33
2018,9,19,6,30,4,4,0.1,28
2018,9,19,7,0,25,4,0.1,23
2018,9,19,7,30,254,0,0.2,12
2018,9,19,8,0,173,3,0.2,2
2018,9,19,8,30,333,0,0.2,1
2018,9,19,9,0,329,0,0.30000000000000004,0
2018,9,19,9,30,380,0,0.30000000000000004,2
2018,9,19,10,0,600,0,0.2,3
2018,9,19,10,30,667,0,0.2,2
2018,9,19,11,0,702,0,0.2,0
2018,9,19,11,30,731,0,0.2,180
2018,9,19,12,0,747,0,0.2,359
2018,9,19,12,30,764,0,0.2,359
2018,9,19,13,0,790,0,0.2,358
2018,9,19,13,30,793,0,0.2,357
2018,9,19,14,0,793,0,0.2,356
2018,9,19,14,30,782,0,0.2,356
2018,9,19,15,0,767,0,0.2,357
2018,9,19,15,30,714,0,0.2,357
2018,9,19,16,0,699,0,0.2,357
2018,9,19,16,30,641,0,0.2,179
2018,9,19,17,0,559,0,0.2,1
2018,9,19,17,30,435,0,0.2,6
2018,9,19,18,0,247,0,0.30000000000000004,12
2018,9,19,18,30,28,0,0.30000000000000004,12
2018,9,19,19,0,0,0,0.2,24
2018,9,19,19,30,0,0,0.2,31
2018,9,19,20,0,0,0,0.1,38
2018,9,19,20,30,0,0,0.1,47
2018,9,19,21,0,0,0,0.1,56
2018,9,19,21,30,0,0,0.1,64
2018,9,19,22,0,0,0,0.1,73
2018,9,19,22,30,0,0,0.1,79
2018,9,19,23,0,0,0,0.1,86
2018,9,19,23,30,0,0,0.1,92
2018,9,20,0,0,0,0,0.1,98
2018,9,20,0,30,0,0,0.1,105
2018,9,20,1,0,0,0,0.1,111
2018,9,20,1,30,0,0,0.1,117
2018,9,20,2,0,0,0,0.1,123
2018,9,20,2,30,0,0,0.1,129
2018,9,20,3,0,0,0,0.1,134
2018,9,20,3,30,0,0,0.1,140
2018,9,20,4,0,0,0,0.1,146
2018,9,20,4,30,0,0,0.1,151
2018,9,20,5,0,0,0,0.1,157
2018,9,20,5,30,0,0,0.1,160
2018,9,20,6,0,0,0,0.1,162
2018,9,20,6,30,119,0,0.2,163
2018,9,20,7,0,312,0,0.2,164
2018,9,20,7,30,450,0,0.2,164
2018,9,20,8,0,545,0,0.2,164
2018,9,20,8,30,613,0,0.2,176
2018,9,20,9,0,661,0,0.2,189
2018,9,20,9,30,712,0,0.2,193
2018,9,20,10,0,757,0,0.2,197
2018,9,20,10,30,775,0,0.2,199
2018,9,20,11,0,703,0,0.30000000000000004,201
2018,9,20,11,30,774,0,0.30000000000000004,200
2018,9,20,12,0,800,0,0.30000000000000004,200
2018,9,20,12,30,744,0,0.30000000000000004,200
2018,9,20,13,0,645,0,0.30000000000000004,199
2018,9,20,13,30,557,0,0.30000000000000004,198
2018,9,20,14,0,645,0,0.30000000000000004,196
2018,9,20,14,30,666,0,0.2,193
2018,9,20,15,0,689,0,0.2,189
2018,9,20,15,30,614,0,0.2,184
2018,9,20,16,0,585,0,0.2,178
2018,9,20,16,30,485,0,0.2,173
2018,9,20,17,0,318,0,0.2,168
2018,9,20,17,30,296,0,0.2,167
2018,9,20,18,0,134,0,0.2,166
2018,9,20,18,30,7,0,0.2,166
2018,9,20,19,0,0,0,0.2,167
2018,9,20,19,30,0,0,0.2,166
2018,9,20,20,0,0,0,0.2,165
2018,9,20,20,30,0,0,0.2,165
2018,9,20,21,0,0,0,0.2,164
2018,9,20,21,30,0,0,0.2,166
2018,9,20,22,0,0,0,0.2,167
2018,9,20,22,30,0,0,0.2,169
2018,9,20,23,0,0,0,0.2,170
2018,9,20,23,30,0,0,0.2,170
2018,9,21,0,0,0,0,0.2,171
2018,9,21,0,30,0,0,0.2,171
2018,9,21,1,0,0,0,0.2,171
2018,9,21,1,30,0,0,0.2,171
2018,9,21,2,0,0,0,0.2,172
2018,9,21,2,30,0,0,0.2,172
2018,9,21,3,0,0,0,0.2,173
2018,9,21,3,30,0,0,0.2,173
2018,9,21,4,0,0,0,0.2,173
2018,9,21,4,30,0,0,0.2,174
2018,9,21,5,0,0,0,0.2,176
2018,9,21,5,30,0,0,0.2,182
2018,9,21,6,0,0,0,0.2,189
2018,9,21,6,30,106,0,0.30000000000000004,190
2018,9,21,7,0,306,0,0.30000000000000004,192
2018,9,21,7,30,448,0,0.30000000000000004,192
2018,9,21,8,0,546,0,0.4,191
2018,9,21,8,30,619,0,0.4,196
2018,9,21,9,0,673,0,0.4,201
2018,9,21,9,30,381,3,0.4,203
2018,9,21,10,0,402,3,0.5,205
2018,9,21,10,30,686,0,0.5,206
2018,9,21,11,0,802,0,0.5,207
2018,9,21,11,30,815,0,0.5,208
2018,9,21,12,0,823,0,0.5,208
2018,9,21,12,30,829,0,0.5,209
2018,9,21,13,0,718,0,0.5,211
2018,9,21,13,30,393,3,0.6000000000000001,213
2018,9,21,14,0,388,3,0.6000000000000001,215
2018,9,21,14,30,760,0,0.5,219
2018,9,21,15,0,693,0,0.5,222
2018,9,21,15,30,638,0,0.5,224
2018,9,21,16,0,582,0,0.4,226
2018,9,21,16,30,470,0,0.4,226
2018,9,21,17,0,172,8,0.30000000000000004,226
2018,9,21,17,30,73,6,0.30000000000000004,230
2018,9,21,18,0,26,6,0.30000000000000004,234
2018,9,21,18,30,3,6,0.30000000000000004,234
2018,9,21,19,0,0,8,0.2,261
2018,9,21,19,30,0,7,0.2,280
2018,9,21,20,0,0,7,0.2,300
2018,9,21,20,30,0,7,0.2,312
2018,9,21,21,0,0,7,0.2,323
2018,9,21,21,30,0,4,0.2,327
2018,9,21,22,0,0,7,0.2,331
2018,9,21,22,30,0,0,0.2,334
2018,9,21,23,0,0,0,0.2,336
2018,9,21,23,30,0,0,0.2,338
2018,9,22,0,0,0,0,0.2,341
2018,9,22,0,30,0,0,0.2,344
2018,9,22,1,0,0,7,0.2,347
2018,9,22,1,30,0,7,0.2,348
2018,9,22,2,0,0,7,0.2,349
2018,9,22,2,30,0,7,0.2,353
2018,9,22,3,0,0,7,0.2,357
2018,9,22,3,30,0,7,0.2,179
2018,9,22,4,0,0,7,0.2,2
2018,9,22,4,30,0,7,0.2,3
2018,9,22,5,0,0,7,0.1,5
2018,9,22,5,30,0,7,0.1,6
2018,9,22,6,0,0,7,0.1,8
2018,9,22,6,30,0,7,0.2,10
2018,9,22,7,0,0,7,0.2,12
2018,9,22,7,30,52,7,0.2,18
2018,9,22,8,0,147,7,0.30000000000000004,23
2018,9,22,8,30,177,7,0.30000000000000004,26
2018,9,22,9,0,164,7,0.30000000000000004,28
2018,9,22,9,30,69,7,0.30000000000000004,28
2018,9,22,10,0,43,7,0.30000000000000004,28
2018,9,22,10,30,29,6,0.2,27
2018,9,22,11,0,8,7,0.2,26
2018,9,22,11,30,22,7,0.2,27
2018,9,22,12,0,28,8,0.2,29
2018,9,22,12,30,25,8,0.2,28
2018,9,22,13,0,12,7,0.2,28
2018,9,22,13,30,11,7,0.2,27
2018,9,22,14,0,8,7,0.2,26
2018,9,22,14,30,3,6,0.2,27
2018,9,22,15,0,13,7,0.2,29
2018,9,22,15,30,2,6,0.2,31
2018,9,22,16,0,0,6,0.2,32
2018,9,22,16,30,0,8,0.1,34
2018,9,22,17,0,18,8,0.1,36
2018,9,22,17,30,5,8,0.1,37
2018,9,22,18,0,13,8,0.1,39
2018,9,22,18,30,13,6,0.1,39
2018,9,22,19,0,0,7,0.1,43
2018,9,22,19,30,0,6,0.1,46
2018,9,22,20,0,0,7,0.1,49
2018,9,22,20,30,0,6,0.1,53
2018,9,22,21,0,0,6,0.1,58
2018,9,22,21,30,0,7,0.1,64
2018,9,22,22,0,0,7,0.1,70
2018,9,22,22,30,0,7,0.1,75
2018,9,22,23,0,0,7,0.1,80
2018,9,22,23,30,0,7,0.1,81
2018,9,23,0,0,0,7,0.1,83
2018,9,23,0,30,0,7,0.1,84
2018,9,23,1,0,0,7,0.1,85
2018,9,23,1,30,0,7,0.1,84
2018,9,23,2,0,0,7,0.1,84
2018,9,23,2,30,0,6,0.1,79
2018,9,23,3,0,0,6,0.1,74
2018,9,23,3,30,0,6,0.1,65
2018,9,23,4,0,0,7,0.1,57
2018,9,23,4,30,0,6,0.1,52
2018,9,23,5,0,0,6,0.1,48
2018,9,23,5,30,0,6,0.1,47
2018,9,23,6,0,0,6,0.1,46
2018,9,23,6,30,9,6,0.1,47
2018,9,23,7,0,0,6,0.2,48
2018,9,23,7,30,11,6,0.2,50
2018,9,23,8,0,156,7,0.2,52
2018,9,23,8,30,122,6,0.2,54
2018,9,23,9,0,58,6,0.2,57
2018,9,23,9,30,136,6,0.2,60
2018,9,23,10,0,193,7,0.2,63
2018,9,23,10,30,195,7,0.2,68
2018,9,23,11,0,158,6,0.2,74
2018,9,23,11,30,143,6,0.2,80
2018,9,23,12,0,183,6,0.2,87
2018,9,23,12,30,188,7,0.2,93
2018,9,23,13,0,85,6,0.2,99
2018,9,23,13,30,39,6,0.2,101
2018,9,23,14,0,203,7,0.2,103
2018,9,23,14,30,114,6,0.2,103
2018,9,23,15,0,373,7,0.2,102
2018,9,23,15,30,391,7,0.2,102
2018,9,23,16,0,609,0,0.2,101
2018,9,23,16,30,683,0,0.1,101
2018,9,23,17,0,583,0,0.1,102
2018,9,23,17,30,437,0,0.2,100
2018,9,23,18,0,200,0,0.30000000000000004,98
2018,9,23,18,30,0,0,0.30000000000000004,98
2018,9,23,19,0,0,0,0.1,92
2018,9,23,19,30,0,0,0.1,90
2018,9,23,20,0,0,7,0.1,88
2018,9,23,20,30,0,7,0.1,88
2018,9,23,21,0,0,7,0.1,89
2018,9,23,21,30,0,7,0.1,90
2018,9,23,22,0,0,7,0.1,91
2018,9,23,22,30,0,7,0.1,92
2018,9,23,23,0,0,7,0.1,93
2018,9,23,23,30,0,7,0.1,94
2018,9,24,0,0,0,7,0.1,95
2018,9,24,0,30,0,7,0.1,96
2018,9,24,1,0,0,7,0.1,97
2018,9,24,1,30,0,7,0.1,98
2018,9,24,2,0,0,7,0.1,98
2018,9,24,2,30,0,7,0.1,98
2018,9,24,3,0,0,7,0.1,98
2018,9,24,3,30,0,7,0.1,98
2018,9,24,4,0,0,7,0.1,99
2018,9,24,4,30,0,7,0.1,101
2018,9,24,5,0,0,7,0.1,103
2018,9,24,5,30,0,7,0.1,106
2018,9,24,6,0,0,7,0.2,109
2018,9,24,6,30,27,7,0.2,111
2018,9,24,7,0,80,7,0.30000000000000004,113
2018,9,24,7,30,66,7,0.30000000000000004,119
2018,9,24,8,0,124,7,0.30000000000000004,124
2018,9,24,8,30,328,7,0.4,129
2018,9,24,9,0,198,7,0.4,134
2018,9,24,9,30,25,7,0.4,139
2018,9,24,10,0,0,7,0.4,144
2018,9,24,10,30,0,8,0.5,145
2018,9,24,11,0,0,6,0.5,146
2018,9,24,11,30,0,6,0.5,146
2018,9,24,12,0,0,6,0.5,146
2018,9,24,12,30,0,6,0.4,144
2018,9,24,13,0,0,8,0.4,143
2018,9,24,13,30,0,8,0.4,140
2018,9,24,14,0,0,8,0.4,137
2018,9,24,14,30,0,8,0.4,133
2018,9,24,15,0,0,8,0.30000000000000004,129
2018,9,24,15,30,0,8,0.30000000000000004,127
2018,9,24,16,0,0,8,0.30000000000000004,126
2018,9,24,16,30,0,6,0.30000000000000004,124
2018,9,24,17,0,0,6,0.30000000000000004,123
2018,9,24,17,30,0,6,0.30000000000000004,123
2018,9,24,18,0,9,6,0.30000000000000004,122
2018,9,24,18,30,0,6,0.30000000000000004,122
2018,9,24,19,0,0,6,0.30000000000000004,130
2018,9,24,19,30,0,8,0.30000000000000004,132
2018,9,24,20,0,0,8,0.30000000000000004,135
2018,9,24,20,30,0,8,0.30000000000000004,137
2018,9,24,21,0,0,7,0.30000000000000004,139
2018,9,24,21,30,0,8,0.4,140
2018,9,24,22,0,0,6,0.4,142
2018,9,24,22,30,0,7,0.4,147
2018,9,24,23,0,0,6,0.4,151
2018,9,24,23,30,0,6,0.4,156
2018,9,25,0,0,0,7,0.4,161
2018,9,25,0,30,0,8,0.4,164
2018,9,25,1,0,0,7,0.4,167
2018,9,25,1,30,0,4,0.30000000000000004,169
2018,9,25,2,0,0,4,0.30000000000000004,170
2018,9,25,2,30,0,3,0.30000000000000004,174
2018,9,25,3,0,0,4,0.30000000000000004,177
2018,9,25,3,30,0,3,0.30000000000000004,180
2018,9,25,4,0,0,3,0.2,182
2018,9,25,4,30,0,3,0.2,184
2018,9,25,5,0,0,3,0.2,185
2018,9,25,5,30,0,3,0.2,185
2018,9,25,6,0,0,3,0.2,184
2018,9,25,6,30,60,3,0.30000000000000004,182
2018,9,25,7,0,143,0,0.30000000000000004,181
2018,9,25,7,30,42,3,0.30000000000000004,179
2018,9,25,8,0,11,3,0.30000000000000004,177
2018,9,25,8,30,6,3,0.30000000000000004,177
2018,9,25,9,0,0,7,0.4,177
2018,9,25,9,30,0,7,0.4,180
2018,9,25,10,0,0,8,0.4,184
2018,9,25,10,30,0,7,0.4,189
2018,9,25,11,0,1,7,0.4,193
2018,9,25,11,30,0,7,0.4,198
2018,9,25,12,0,1,4,0.4,203
2018,9,25,12,30,0,7,0.4,206
2018,9,25,13,0,0,7,0.4,209
2018,9,25,13,30,12,7,0.4,208
2018,9,25,14,0,17,7,0.30000000000000004,207
2018,9,25,14,30,8,7,0.30000000000000004,202
2018,9,25,15,0,0,7,0.30000000000000004,198
2018,9,25,15,30,0,7,0.30000000000000004,192
2018,9,25,16,0,14,7,0.30000000000000004,186
2018,9,25,16,30,19,4,0.30000000000000004,183
2018,9,25,17,0,159,3,0.2,180
2018,9,25,17,30,44,7,0.2,177
2018,9,25,18,0,5,7,0.2,174
2018,9,25,18,30,0,7,0.2,174
2018,9,25,19,0,0,7,0.2,169
2018,9,25,19,30,0,7,0.2,172
2018,9,25,20,0,0,3,0.30000000000000004,174
2018,9,25,20,30,0,3,0.30000000000000004,179
2018,9,25,21,0,0,3,0.30000000000000004,184
2018,9,25,21,30,0,3,0.30000000000000004,187
2018,9,25,22,0,0,7,0.30000000000000004,190
2018,9,25,22,30,0,6,0.30000000000000004,190
2018,9,25,23,0,0,7,0.30000000000000004,190
2018,9,25,23,30,0,3,0.30000000000000004,189
2018,9,26,0,0,0,0,0.30000000000000004,189
2018,9,26,0,30,0,0,0.30000000000000004,188
2018,9,26,1,0,0,3,0.30000000000000004,187
2018,9,26,1,30,0,8,0.30000000000000004,185
2018,9,26,2,0,0,8,0.2,184
2018,9,26,2,30,0,3,0.30000000000000004,187
2018,9,26,3,0,0,3,0.30000000000000004,189
2018,9,26,3,30,0,4,0.30000000000000004,197
2018,9,26,4,0,0,4,0.30000000000000004,204
2018,9,26,4,30,0,8,0.30000000000000004,208
2018,9,26,5,0,0,7,0.30000000000000004,211
2018,9,26,5,30,0,7,0.2,212
2018,9,26,6,0,0,6,0.2,213
2018,9,26,6,30,0,6,0.30000000000000004,214
2018,9,26,7,0,0,6,0.30000000000000004,214
2018,9,26,7,30,0,6,0.30000000000000004,221
2018,9,26,8,0,0,6,0.30000000000000004,227
2018,9,26,8,30,2,7,0.4,249
2018,9,26,9,0,0,4,0.4,271
2018,9,26,9,30,0,4,0.4,287
2018,9,26,10,0,4,7,0.5,304
2018,9,26,10,30,15,4,0.5,310
2018,9,26,11,0,0,4,0.5,316
2018,9,26,11,30,11,7,0.5,315
2018,9,26,12,0,18,7,0.5,315
2018,9,26,12,30,18,7,0.5,312
2018,9,26,13,0,30,7,0.4,310
2018,9,26,13,30,60,7,0.4,310
2018,9,26,14,0,56,7,0.4,310
2018,9,26,14,30,174,7,0.4,311
2018,9,26,15,0,323,7,0.4,313
2018,9,26,15,30,320,7,0.4,315
2018,9,26,16,0,318,7,0.30000000000000004,317
2018,9,26,16,30,210,7,0.30000000000000004,320
2018,9,26,17,0,91,6,0.2,323
2018,9,26,17,30,58,7,0.2,328
2018,9,26,18,0,20,7,0.1,332
2018,9,26,18,30,0,7,0.1,332
2018,9,26,19,0,0,7,0.1,341
2018,9,26,19,30,0,7,0.1,345
2018,9,26,20,0,0,7,0.1,348
2018,9,26,20,30,0,0,0.1,351
2018,9,26,21,0,0,0,0.1,353
2018,9,26,21,30,0,7,0.1,356
2018,9,26,22,0,0,7,0.1,358
2018,9,26,22,30,0,0,0.1,181
2018,9,26,23,0,0,7,0.1,3
2018,9,26,23,30,0,7,0.1,4
2018,9,27,0,0,0,7,0.1,5
2018,9,27,0,30,0,7,0.1,8
2018,9,27,1,0,0,7,0.1,11
2018,9,27,1,30,0,7,0.1,15
2018,9,27,2,0,0,7,0.1,18
2018,9,27,2,30,0,7,0.1,24
2018,9,27,3,0,0,7,0.1,31
2018,9,27,3,30,0,7,0.1,37
2018,9,27,4,0,0,7,0.1,44
2018,9,27,4,30,0,4,0.1,51
2018,9,27,5,0,0,7,0.1,57
2018,9,27,5,30,0,7,0.1,64
2018,9,27,6,0,0,7,0.1,70
2018,9,27,6,30,1,7,0.1,79
2018,9,27,7,0,2,7,0.1,88
2018,9,27,7,30,15,7,0.1,94
2018,9,27,8,0,46,7,0.1,100
2018,9,27,8,30,24,7,0.2,105
2018,9,27,9,0,17,7,0.2,109
2018,9,27,9,30,99,7,0.2,110
2018,9,27,10,0,35,7,0.2,111
2018,9,27,10,30,32,7,0.2,109
2018,9,27,11,0,123,4,0.2,106
2018,9,27,11,30,44,7,0.2,106
2018,9,27,12,0,76,7,0.2,106
2018,9,27,12,30,19,6,0.2,104
2018,9,27,13,0,5,6,0.2,102
2018,9,27,13,30,0,6,0.2,103
2018,9,27,14,0,0,6,0.2,104
2018,9,27,14,30,0,6,0.2,109
2018,9,27,15,0,0,6,0.2,114
2018,9,27,15,30,0,7,0.1,120
2018,9,27,16,0,0,7,0.1,125
2018,9,27,16,30,0,6,0.1,129
2018,9,27,17,0,0,6,0.1,133
2018,9,27,17,30,0,6,0.1,135
2018,9,27,18,0,9,6,0.1,136
2018,9,27,18,30,0,6,0.1,136
2018,9,27,19,0,0,6,0.1,144
2018,9,27,19,30,0,6,0.1,144
2018,9,27,20,0,0,6,0.1,143
2018,9,27,20,30,0,6,0.1,141
2018,9,27,21,0,0,6,0.1,139
2018,9,27,21,30,0,6,0.2,134
2018,9,27,22,0,0,6,0.2,130
2018,9,27,22,30,0,7,0.30000000000000004,115
2018,9,27,23,0,0,7,0.4,100
2018,9,27,23,30,0,4,0.30000000000000004,228
2018,9,28,0,0,0,4,0.30000000000000004,356
2018,9,28,0,30,0,4,0.4,338
2018,9,28,1,0,0,3,0.5,320
2018,9,28,1,30,0,3,0.5,316
2018,9,28,2,0,0,0,0.5,311
2018,9,28,2,30,0,0,0.5,308
2018,9,28,3,0,0,0,0.5,305
2018,9,28,3,30,0,0,0.5,301
2018,9,28,4,0,0,3,0.5,297
2018,9,28,4,30,0,3,0.6000000000000001,288
2018,9,28,5,0,0,3,0.6000000000000001,279
2018,9,28,5,30,0,3,0.5,271
2018,9,28,6,0,0,0,0.4,262
2018,9,28,6,30,142,0,0.30000000000000004,255
2018,9,28,7,0,443,0,0.2,247
2018,9,28,7,30,611,0,0.2,235
2018,9,28,8,0,717,0,0.2,222
2018,9,28,8,30,741,0,0.2,225
2018,9,28,9,0,838,0,0.2,227
2018,9,28,9,30,872,0,0.2,235
2018,9,28,10,0,896,0,0.2,242
2018,9,28,10,30,911,0,0.2,242
2018,9,28,11,0,921,0,0.2,242
2018,9,28,11,30,926,0,0.30000000000000004,239
2018,9,28,12,0,926,0,0.30000000000000004,235
2018,9,28,12,30,924,0,0.30000000000000004,234
2018,9,28,13,0,917,0,0.30000000000000004,232
2018,9,28,13,30,906,0,0.30000000000000004,232
2018,9,28,14,0,890,0,0.30000000000000004,232
2018,9,28,14,30,868,0,0.30000000000000004,231
2018,9,28,15,0,840,0,0.30000000000000004,231
2018,9,28,15,30,801,0,0.30000000000000004,228
2018,9,28,16,0,749,0,0.30000000000000004,225
2018,9,28,16,30,676,0,0.2,220
2018,9,28,17,0,570,0,0.2,215
2018,9,28,17,30,407,0,0.1,213
2018,9,28,18,0,145,0,0.1,211
2018,9,28,18,30,0,0,0.1,211
2018,9,28,19,0,0,0,0.1,211
2018,9,28,19,30,0,0,0.1,213
2018,9,28,20,0,0,0,0.1,215
2018,9,28,20,30,0,0,0.1,223
2018,9,28,21,0,0,0,0.1,231
2018,9,28,21,30,0,0,0.1,249
2018,9,28,22,0,0,0,0.1,266
2018,9,28,22,30,0,0,0.1,287
2018,9,28,23,0,0,0,0.1,308
2018,9,28,23,30,0,0,0.1,319
2018,9,29,0,0,0,0,0.1,330
2018,9,29,0,30,0,0,0.1,336
2018,9,29,1,0,0,0,0.2,342
2018,9,29,1,30,0,0,0.2,344
2018,9,29,2,0,0,0,0.1,346
2018,9,29,2,30,0,3,0.1,345
2018,9,29,3,0,0,0,0.1,344
2018,9,29,3,30,0,0,0.1,343
2018,9,29,4,0,0,0,0.1,343
2018,9,29,4,30,0,0,0.1,342
2018,9,29,5,0,0,0,0.1,341
2018,9,29,5,30,0,0,0.1,340
2018,9,29,6,0,0,0,0.1,340
2018,9,29,6,30,66,0,0.1,339
2018,9,29,7,0,275,0,0.1,339
2018,9,29,7,30,441,0,0.1,341
2018,9,29,8,0,353,0,0.2,343
2018,9,29,8,30,355,3,0.2,338
2018,9,29,9,0,675,0,0.2,333
2018,9,29,9,30,216,3,0.2,326
2018,9,29,10,0,293,3,0.2,318
2018,9,29,10,30,312,3,0.2,313
2018,9,29,11,0,488,0,0.2,308
2018,9,29,11,30,699,0,0.2,306
2018,9,29,12,0,467,2,0.2,304
2018,9,29,12,30,594,0,0.2,304
2018,9,29,13,0,541,0,0.2,304
2018,9,29,13,30,473,2,0.2,305
2018,9,29,14,0,771,0,0.2,307
2018,9,29,14,30,605,0,0.2,311
2018,9,29,15,0,664,0,0.2,314
2018,9,29,15,30,788,0,0.2,319
2018,9,29,16,0,742,0,0.2,323
2018,9,29,16,30,668,0,0.2,330
2018,9,29,17,0,559,0,0.1,336
2018,9,29,17,30,387,0,0.1,347
2018,9,29,18,0,113,0,0.1,357
2018,9,29,18,30,0,0,0.1,357
2018,9,29,19,0,0,0,0.1,15
2018,9,29,19,30,0,0,0.1,25
2018,9,29,20,0,0,0,0.1,34
2018,9,29,20,30,0,0,0.1,45
2018,9,29,21,0,0,0,0.1,55
2018,9,29,21,30,0,0,0.1,63
2018,9,29,22,0,0,0,0.1,72
2018,9,29,22,30,0,0,0.1,79
2018,9,29,23,0,0,0,0.1,86
2018,9,29,23,30,0,0,0.1,91
2018,9,30,0,0,0,0,0.1,95
2018,9,30,0,30,0,0,0.1,98
2018,9,30,1,0,0,3,0.1,101
2018,9,30,1,30,0,0,0.1,102
2018,9,30,2,0,0,0,0.1,103
2018,9,30,2,30,0,3,0.1,102
2018,9,30,3,0,0,3,0.1,102
2018,9,30,3,30,0,0,0.1,104
2018,9,30,4,0,0,0,0.1,105
2018,9,30,4,30,0,0,0.1,107
2018,9,30,5,0,0,0,0.1,108
2018,9,30,5,30,0,0,0.1,102
2018,9,30,6,0,0,4,0.1,96
2018,9,30,6,30,7,4,0.1,94
2018,9,30,7,0,0,4,0.2,91
2018,9,30,7,30,0,4,0.2,101
2018,9,30,8,0,3,4,0.2,110
2018,9,30,8,30,10,4,0.2,119
2018,9,30,9,0,226,4,0.2,128
2018,9,30,9,30,50,4,0.2,137
2018,9,30,10,0,273,4,0.2,147
2018,9,30,10,30,43,4,0.2,156
2018,9,30,11,0,617,0,0.2,164
2018,9,30,11,30,848,0,0.2,172
2018,9,30,12,0,854,0,0.2,180
2018,9,30,12,30,856,0,0.2,188
2018,9,30,13,0,853,0,0.2,197
2018,9,30,13,30,845,0,0.2,202
2018,9,30,14,0,832,0,0.2,208
2018,9,30,14,30,811,0,0.2,211
2018,9,30,15,0,782,0,0.2,213
2018,9,30,15,30,744,0,0.2,211
2018,9,30,16,0,665,0,0.2,209
2018,9,30,16,30,615,0,0.2,204
2018,9,30,17,0,505,0,0.2,199
2018,9,30,17,30,309,0,0.5,198
2018,9,30,18,0,44,0,0.8,196
2018,9,30,18,30,0,0,0.8,196
2018,9,30,19,0,0,0,0.7000000000000001,193
2018,9,30,19,30,0,0,0.6000000000000001,193
2018,9,30,20,0,0,0,0.4,193
2018,9,30,20,30,0,0,0.30000000000000004,194
2018,9,30,21,0,0,0,0.2,195
2018,9,30,21,30,0,0,0.2,199
2018,9,30,22,0,0,0,0.1,202
2018,9,30,22,30,0,0,0.1,207
2018,9,30,23,0,0,0,0.1,212
2018,9,30,23,30,0,0,0.1,215
2018,10,1,0,0,0,0,0.1,218
2018,10,1,0,30,0,0,0.1,218
2018,10,1,1,0,0,0,0.1,218
2018,10,1,1,30,0,0,0.1,216
2018,10,1,2,0,0,0,0.1,213
2018,10,1,2,30,0,0,0.1,216
2018,10,1,3,0,0,7,0.1,219
2018,10,1,3,30,0,7,0.1,226
2018,10,1,4,0,0,7,0.1,233
2018,10,1,4,30,0,7,0.1,235
2018,10,1,5,0,0,7,0.1,237
2018,10,1,5,30,0,7,0.1,233
2018,10,1,6,0,0,7,0.1,229
2018,10,1,6,30,37,7,0.1,226
2018,10,1,7,0,132,7,0.1,224
2018,10,1,7,30,215,7,0.1,222
2018,10,1,8,0,275,7,0.1,220
2018,10,1,8,30,316,7,0.1,220
2018,10,1,9,0,344,7,0.1,220
2018,10,1,9,30,362,7,0.2,216
2018,10,1,10,0,374,7,0.2,211
2018,10,1,10,30,382,7,0.2,211
2018,10,1,11,0,392,7,0.30000000000000004,210
2018,10,1,11,30,419,7,0.30000000000000004,214
2018,10,1,12,0,465,7,0.30000000000000004,217
2018,10,1,12,30,423,7,0.30000000000000004,222
2018,10,1,13,0,426,7,0.30000000000000004,226
2018,10,1,13,30,600,0,0.30000000000000004,229
2018,10,1,14,0,852,0,0.30000000000000004,232
2018,10,1,14,30,830,0,0.2,229
2018,10,1,15,0,799,0,0.2,227
2018,10,1,15,30,759,0,0.2,219
2018,10,1,16,0,706,0,0.2,211
2018,10,1,16,30,571,0,0.1,200
2018,10,1,17,0,409,0,0.1,189
2018,10,1,17,30,191,3,0.1,184
2018,10,1,18,0,81,7,0.1,179
2018,10,1,18,30,0,7,0.1,179
2018,10,1,19,0,0,7,0.2,179
2018,10,1,19,30,0,7,0.2,178
2018,10,1,20,0,0,7,0.2,177
2018,10,1,20,30,0,7,0.2,178
2018,10,1,21,0,0,7,0.2,178
2018,10,1,21,30,0,7,0.2,181
2018,10,1,22,0,0,7,0.2,185
2018,10,1,22,30,0,7,0.2,189
2018,10,1,23,0,0,7,0.2,193
2018,10,1,23,30,0,7,0.2,197
2018,10,2,0,0,0,7,0.2,201
2018,10,2,0,30,0,7,0.2,201
2018,10,2,1,0,0,7,0.2,200
2018,10,2,1,30,0,7,0.2,196
2018,10,2,2,0,0,8,0.2,193
2018,10,2,2,30,0,7,0.2,192
2018,10,2,3,0,0,7,0.2,191
2018,10,2,3,30,0,8,0.2,191
2018,10,2,4,0,0,8,0.2,192
2018,10,2,4,30,0,8,0.2,192
2018,10,2,5,0,0,8,0.2,193
2018,10,2,5,30,0,8,0.2,194
2018,10,2,6,0,0,8,0.2,196
2018,10,2,6,30,0,4,0.2,195
2018,10,2,7,0,0,4,0.2,194
2018,10,2,7,30,7,7,0.2,194
2018,10,2,8,0,3,8,0.30000000000000004,195
2018,10,2,8,30,13,4,0.30000000000000004,205
2018,10,2,9,0,192,4,0.30000000000000004,215
2018,10,2,9,30,332,3,0.30000000000000004,219
2018,10,2,10,0,110,8,0.30000000000000004,223
2018,10,2,10,30,61,8,0.30000000000000004,223
2018,10,2,11,0,18,8,0.30000000000000004,223
2018,10,2,11,30,23,8,0.30000000000000004,222
2018,10,2,12,0,12,8,0.30000000000000004,221
2018,10,2,12,30,15,8,0.30000000000000004,221
2018,10,2,13,0,58,8,0.30000000000000004,221
2018,10,2,13,30,80,8,0.30000000000000004,225
2018,10,2,14,0,94,8,0.4,230
2018,10,2,14,30,167,8,0.30000000000000004,234
2018,10,2,15,0,0,6,0.30000000000000004,237
2018,10,2,15,30,0,6,0.30000000000000004,240
2018,10,2,16,0,6,6,0.2,243
2018,10,2,16,30,39,8,0.2,250
2018,10,2,17,0,56,4,0.2,257
2018,10,2,17,30,3,8,0.1,269
2018,10,2,18,0,3,3,0.1,281
2018,10,2,18,30,0,0,0.1,281
2018,10,2,19,0,0,3,0.1,307
2018,10,2,19,30,0,3,0.1,316
2018,10,2,20,0,0,0,0.1,326
2018,10,2,20,30,0,0,0.1,333
2018,10,2,21,0,0,3,0.1,341
2018,10,2,21,30,0,3,0.1,348
2018,10,2,22,0,0,3,0.1,354
2018,10,2,22,30,0,3,0.1,180
2018,10,2,23,0,0,3,0.1,6
2018,10,2,23,30,0,3,0.1,13
2018,10,3,0,0,0,3,0.1,20
2018,10,3,0,30,0,3,0.1,26
2018,10,3,1,0,0,3,0.1,32
2018,10,3,1,30,0,3,0.1,38
2018,10,3,2,0,0,3,0.1,45
2018,10,3,2,30,0,3,0.1,54
2018,10,3,3,0,0,3,0.1,63
2018,10,3,3,30,0,3,0.1,75
2018,10,3,4,0,0,3,0.1,88
2018,10,3,4,30,0,3,0.1,100
2018,10,3,5,0,0,3,0.1,112
2018,10,3,5,30,0,3,0.1,118
2018,10,3,6,0,0,3,0.1,124
2018,10,3,6,30,1,7,0.1,127
2018,10,3,7,0,0,7,0.2,131
2018,10,3,7,30,183,3,0.2,139
2018,10,3,8,0,76,3,0.2,147
2018,10,3,8,30,4,7,0.2,160
2018,10,3,9,0,2,7,0.1,173
2018,10,3,9,30,0,7,0.1,186
2018,10,3,10,0,19,7,0.2,198
2018,10,3,10,30,74,3,0.2,204
2018,10,3,11,0,63,3,0.2,209
2018,10,3,11,30,66,3,0.2,211
2018,10,3,12,0,84,3,0.2,213
2018,10,3,12,30,312,3,0.2,212
2018,10,3,13,0,613,0,0.2,211
2018,10,3,13,30,820,0,0.2,208
2018,10,3,14,0,806,0,0.2,206
2018,10,3,14,30,784,0,0.30000000000000004,203
2018,10,3,15,0,753,0,0.30000000000000004,199
2018,10,3,15,30,227,3,0.30000000000000004,192
2018,10,3,16,0,146,3,0.2,185
2018,10,3,16,30,78,3,0.2,180
2018,10,3,17,0,246,0,0.2,176
2018,10,3,17,30,166,0,0.2,177
2018,10,3,18,0,48,0,0.2,179
2018,10,3,18,30,0,0,0.2,179
2018,10,3,19,0,0,0,0.2,182
2018,10,3,19,30,0,0,0.2,182
2018,10,3,20,0,0,0,0.2,182
2018,10,3,20,30,0,0,0.2,180
2018,10,3,21,0,0,0,0.2,178
2018,10,3,21,30,0,0,0.2,179
2018,10,3,22,0,0,0,0.2,181
2018,10,3,22,30,0,0,0.2,184
2018,10,3,23,0,0,0,0.2,186
2018,10,3,23,30,0,0,0.2,189
2018,10,4,0,0,0,0,0.2,191
2018,10,4,0,30,0,0,0.2,193
2018,10,4,1,0,0,0,0.2,195
2018,10,4,1,30,0,0,0.2,196
2018,10,4,2,0,0,0,0.2,197
2018,10,4,2,30,0,0,0.2,197
2018,10,4,3,0,0,7,0.2,198
2018,10,4,3,30,0,7,0.2,197
2018,10,4,4,0,0,7,0.2,196
2018,10,4,4,30,0,7,0.2,195
2018,10,4,5,0,0,7,0.2,195
2018,10,4,5,30,0,0,0.2,196
2018,10,4,6,0,0,0,0.2,197
2018,10,4,6,30,0,3,0.2,200
2018,10,4,7,0,96,3,0.30000000000000004,203
2018,10,4,7,30,320,0,0.30000000000000004,209
2018,10,4,8,0,11,3,0.30000000000000004,215
2018,10,4,8,30,8,3,0.4,226
2018,10,4,9,0,7,3,0.4,238
2018,10,4,9,30,135,3,0.4,250
2018,10,4,10,0,64,7,0.4,262
2018,10,4,10,30,75,7,0.4,278
2018,10,4,11,0,9,7,0.4,293
2018,10,4,11,30,49,7,0.4,308
2018,10,4,12,0,0,8,0.4,322
2018,10,4,12,30,0,7,0.5,330
2018,10,4,13,0,0,8,0.5,338
2018,10,4,13,30,0,8,0.5,343
2018,10,4,14,0,0,8,0.4,347
2018,10,4,14,30,5,8,0.4,350
2018,10,4,15,0,64,7,0.4,353
2018,10,4,15,30,11,7,0.4,354
2018,10,4,16,0,1,3,0.4,356
2018,10,4,16,30,166,3,0.4,357
2018,10,4,17,0,501,0,0.30000000000000004,358
2018,10,4,17,30,284,0,0.30000000000000004,179
2018,10,4,18,0,49,0,0.30000000000000004,0
2018,10,4,18,30,0,3,0.30000000000000004,0
2018,10,4,19,0,0,3,0.2,4
2018,10,4,19,30,0,3,0.2,7
2018,10,4,20,0,0,0,0.2,9
2018,10,4,20,30,0,0,0.2,12
2018,10,4,21,0,0,0,0.2,14
2018,10,4,21,30,0,0,0.1,15
2018,10,4,22,0,0,0,0.1,17
2018,10,4,22,30,0,0,0.1,18
2018,10,4,23,0,0,0,0.1,19
2018,10,4,23,30,0,0,0.1,21
2018,10,5,0,0,0,0,0.1,23
2018,10,5,0,30,0,0,0.1,25
2018,10,5,1,0,0,0,0.1,27
2018,10,5,1,30,0,0,0.1,30
2018,10,5,2,0,0,0,0.1,32
2018,10,5,2,30,0,0,0.1,35
2018,10,5,3,0,0,3,0.1,38
2018,10,5,3,30,0,4,0.1,42
2018,10,5,4,0,0,0,0.1,46
2018,10,5,4,30,0,0,0.1,52
2018,10,5,5,0,0,0,0.1,58
2018,10,5,5,30,0,0,0.1,65
2018,10,5,6,0,0,3,0.1,73
2018,10,5,6,30,91,0,0.1,81
2018,10,5,7,0,399,0,0.2,88
2018,10,5,7,30,584,0,0.2,96
2018,10,5,8,0,94,3,0.2,104
2018,10,5,8,30,14,3,0.2,112
2018,10,5,9,0,19,3,0.1,119
2018,10,5,9,30,67,3,0.1,137
2018,10,5,10,0,94,3,0.1,154
2018,10,5,10,30,87,3,0.1,157
2018,10,5,11,0,65,3,0.1,160
2018,10,5,11,30,57,3,0.2,163
2018,10,5,12,0,48,3,0.2,166
2018,10,5,12,30,6,3,0.2,179
2018,10,5,13,0,2,3,0.2,191
2018,10,5,13,30,4,3,0.2,200
2018,10,5,14,0,1,3,0.2,210
2018,10,5,14,30,0,3,0.2,204
2018,10,5,15,0,53,3,0.2,198
2018,10,5,15,30,8,3,0.2,193
2018,10,5,16,0,0,4,0.1,188
2018,10,5,16,30,81,3,0.1,179
2018,10,5,17,0,47,3,0.1,170
2018,10,5,17,30,0,3,0.1,166
2018,10,5,18,0,0,3,0.1,163
2018,10,5,18,30,0,3,0.1,163
2018,10,5,19,0,0,3,0.1,180
2018,10,5,19,30,0,3,0.1,186
2018,10,5,20,0,0,0,0.1,193
2018,10,5,20,30,0,0,0.1,194
2018,10,5,21,0,0,0,0.1,196
2018,10,5,21,30,0,0,0.1,196
2018,10,5,22,0,0,7,0.1,196
2018,10,5,22,30,0,0,0.1,193
2018,10,5,23,0,0,0,0.1,191
2018,10,5,23,30,0,0,0.1,189
2018,10,6,0,0,0,0,0.1,187
2018,10,6,0,30,0,0,0.1,185
2018,10,6,1,0,0,0,0.1,184
2018,10,6,1,30,0,0,0.1,186
2018,10,6,2,0,0,3,0.1,188
2018,10,6,2,30,0,3,0.1,193
2018,10,6,3,0,0,3,0.1,199
2018,10,6,3,30,0,3,0.1,200
2018,10,6,4,0,0,3,0.1,201
2018,10,6,4,30,0,3,0.1,200
2018,10,6,5,0,0,3,0.1,198
2018,10,6,5,30,0,3,0.1,198
2018,10,6,6,0,0,3,0.1,197
2018,10,6,6,30,44,0,0.2,199
2018,10,6,7,0,299,0,0.2,200
2018,10,6,7,30,471,0,0.2,199
2018,10,6,8,0,321,0,0.2,198
2018,10,6,8,30,573,0,0.30000000000000004,199
2018,10,6,9,0,740,0,0.30000000000000004,200
2018,10,6,9,30,651,0,0.30000000000000004,203
2018,10,6,10,0,466,3,0.30000000000000004,206
2018,10,6,10,30,221,3,0.30000000000000004,209
2018,10,6,11,0,147,3,0.30000000000000004,213
2018,10,6,11,30,40,3,0.4,214
2018,10,6,12,0,72,3,0.4,216
2018,10,6,12,30,524,0,0.4,215
2018,10,6,13,0,830,0,0.4,214
2018,10,6,13,30,588,0,0.4,212
2018,10,6,14,0,180,3,0.4,211
2018,10,6,14,30,148,4,0.30000000000000004,209
2018,10,6,15,0,285,3,0.30000000000000004,207
2018,10,6,15,30,549,0,0.30000000000000004,203
2018,10,6,16,0,687,0,0.30000000000000004,200
2018,10,6,16,30,606,0,0.2,196
2018,10,6,17,0,483,0,0.2,193
2018,10,6,17,30,288,0,0.2,191
2018,10,6,18,0,39,0,0.1,189
2018,10,6,18,30,0,0,0.1,189
2018,10,6,19,0,0,0,0.1,189
2018,10,6,19,30,0,0,0.1,191
2018,10,6,20,0,0,0,0.1,192
2018,10,6,20,30,0,0,0.1,193
2018,10,6,21,0,0,0,0.1,193
2018,10,6,21,30,0,0,0.1,194
2018,10,6,22,0,0,3,0.1,194
2018,10,6,22,30,0,3,0.1,196
2018,10,6,23,0,0,4,0.1,198
2018,10,6,23,30,0,4,0.1,201
2018,10,7,0,0,0,0,0.1,204
2018,10,7,0,30,0,0,0.1,208
2018,10,7,1,0,0,0,0.1,212
2018,10,7,1,30,0,0,0.1,218
2018,10,7,2,0,0,3,0.1,224
2018,10,7,2,30,0,3,0.1,227
2018,10,7,3,0,0,0,0.1,230
2018,10,7,3,30,0,0,0.1,228
2018,10,7,4,0,0,0,0.1,226
2018,10,7,4,30,0,0,0.1,224
2018,10,7,5,0,0,0,0.1,223
2018,10,7,5,30,0,0,0.1,224
2018,10,7,6,0,0,0,0.1,226
2018,10,7,6,30,42,0,0.1,221
2018,10,7,7,0,295,0,0.1,216
2018,10,7,7,30,488,0,0.1,207
2018,10,7,8,0,611,0,0.1,199
2018,10,7,8,30,693,0,0.1,199
2018,10,7,9,0,751,0,0.1,199
2018,10,7,9,30,792,0,0.2,201
2018,10,7,10,0,823,0,0.2,204
2018,10,7,10,30,843,0,0.2,208
2018,10,7,11,0,857,0,0.2,211
2018,10,7,11,30,864,0,0.2,213
2018,10,7,12,0,557,0,0.2,214
2018,10,7,12,30,626,0,0.2,215
2018,10,7,13,0,778,0,0.2,216
2018,10,7,13,30,807,0,0.2,220
2018,10,7,14,0,719,0,0.2,223
2018,10,7,14,30,801,0,0.2,229
2018,10,7,15,0,767,0,0.2,234
2018,10,7,15,30,720,0,0.2,240
2018,10,7,16,0,653,0,0.1,247
2018,10,7,16,30,565,0,0.2,245
2018,10,7,17,0,433,0,0.30000000000000004,244
2018,10,7,17,30,238,0,0.30000000000000004,244
2018,10,7,18,0,27,0,0.4,245
2018,10,7,18,30,0,0,0.4,245
2018,10,7,19,0,0,0,0.2,120
2018,10,7,19,30,0,0,0.4,115
2018,10,7,20,0,0,0,0.5,111
2018,10,7,20,30,0,0,0.6000000000000001,114
2018,10,7,21,0,0,0,0.7000000000000001,117
2018,10,7,21,30,0,0,0.7000000000000001,121
2018,10,7,22,0,0,0,0.7000000000000001,125
2018,10,7,22,30,0,0,0.6000000000000001,130
2018,10,7,23,0,0,0,0.6000000000000001,134
2018,10,7,23,30,0,0,0.5,138
2018,10,8,0,0,0,0,0.4,143
2018,10,8,0,30,0,0,0.30000000000000004,145
2018,10,8,1,0,0,0,0.2,147
2018,10,8,1,30,0,0,0.1,150
2018,10,8,2,0,0,0,0.1,152
2018,10,8,2,30,0,0,0.1,154
2018,10,8,3,0,0,0,0.1,156
2018,10,8,3,30,0,0,0.1,156
2018,10,8,4,0,0,0,0.1,156
2018,10,8,4,30,0,0,0.1,155
2018,10,8,5,0,0,3,0.1,154
2018,10,8,5,30,0,0,0.1,153
2018,10,8,6,0,0,0,0.1,152
2018,10,8,6,30,40,0,0.1,151
2018,10,8,7,0,290,0,0.2,150
2018,10,8,7,30,450,0,0.2,150
2018,10,8,8,0,512,0,0.2,150
2018,10,8,8,30,672,0,0.2,161
2018,10,8,9,0,725,0,0.30000000000000004,173
2018,10,8,9,30,766,0,0.30000000000000004,177
2018,10,8,10,0,795,0,0.30000000000000004,181
2018,10,8,10,30,842,0,0.30000000000000004,180
2018,10,8,11,0,860,0,0.30000000000000004,179
2018,10,8,11,30,871,0,0.30000000000000004,179
2018,10,8,12,0,877,0,0.30000000000000004,178
2018,10,8,12,30,876,0,0.30000000000000004,179
2018,10,8,13,0,870,0,0.30000000000000004,179
2018,10,8,13,30,861,0,0.30000000000000004,179
2018,10,8,14,0,846,0,0.30000000000000004,179
2018,10,8,14,30,825,0,0.30000000000000004,178
2018,10,8,15,0,795,0,0.30000000000000004,178
2018,10,8,15,30,707,0,0.30000000000000004,176
2018,10,8,16,0,651,0,0.2,174
2018,10,8,16,30,619,0,0.2,172
2018,10,8,17,0,496,0,0.2,170
2018,10,8,17,30,293,0,0.2,170
2018,10,8,18,0,23,0,0.2,170
2018,10,8,18,30,0,0,0.2,170
2018,10,8,19,0,0,0,0.2,171
2018,10,8,19,30,0,0,0.2,170
2018,10,8,20,0,0,0,0.2,170
2018,10,8,20,30,0,0,0.1,169
2018,10,8,21,0,0,0,0.1,169
2018,10,8,21,30,0,0,0.1,169
2018,10,8,22,0,0,0,0.1,169
2018,10,8,22,30,0,0,0.1,168
2018,10,8,23,0,0,0,0.1,168
2018,10,8,23,30,0,0,0.1,168
2018,10,9,0,0,0,0,0.1,168
2018,10,9,0,30,0,0,0.2,168
2018,10,9,1,0,0,0,0.2,168
2018,10,9,1,30,0,0,0.2,169
2018,10,9,2,0,0,7,0.1,169
2018,10,9,2,30,0,7,0.2,172
2018,10,9,3,0,0,0,0.2,176
2018,10,9,3,30,0,0,0.2,176
2018,10,9,4,0,0,3,0.2,175
2018,10,9,4,30,0,0,0.2,174
2018,10,9,5,0,0,7,0.2,173
2018,10,9,5,30,0,7,0.2,173
2018,10,9,6,0,0,0,0.2,173
2018,10,9,6,30,18,0,0.2,170
2018,10,9,7,0,269,0,0.2,168
2018,10,9,7,30,510,0,0.2,168
2018,10,9,8,0,624,0,0.30000000000000004,169
2018,10,9,8,30,716,0,0.30000000000000004,176
2018,10,9,9,0,774,0,0.4,183
2018,10,9,9,30,816,0,0.4,187
2018,10,9,10,0,848,0,0.4,190
2018,10,9,10,30,868,0,0.4,190
2018,10,9,11,0,882,0,0.4,190
2018,10,9,11,30,891,0,0.30000000000000004,187
2018,10,9,12,0,896,0,0.30000000000000004,185
2018,10,9,12,30,895,0,0.30000000000000004,181
2018,10,9,13,0,889,0,0.30000000000000004,177
2018,10,9,13,30,881,0,0.30000000000000004,174
2018,10,9,14,0,800,0,0.30000000000000004,171
2018,10,9,14,30,735,0,0.30000000000000004,168
2018,10,9,15,0,359,7,0.30000000000000004,166
2018,10,9,15,30,332,7,0.30000000000000004,164
2018,10,9,16,0,274,3,0.30000000000000004,162
2018,10,9,16,30,537,0,0.2,162
2018,10,9,17,0,388,0,0.2,161
2018,10,9,17,30,258,0,0.2,161
2018,10,9,18,0,22,0,0.2,162
2018,10,9,18,30,0,3,0.2,162
2018,10,9,19,0,0,3,0.2,160
2018,10,9,19,30,0,0,0.1,158
2018,10,9,20,0,0,0,0.1,156
2018,10,9,20,30,0,3,0.1,155
2018,10,9,21,0,0,7,0.1,153
2018,10,9,21,30,0,7,0.1,153
2018,10,9,22,0,0,0,0.1,153
2018,10,9,22,30,0,0,0.1,153
2018,10,9,23,0,0,0,0.2,153
2018,10,9,23,30,0,0,0.2,153
2018,10,10,0,0,0,0,0.2,152
2018,10,10,0,30,0,0,0.2,152
2018,10,10,1,0,0,0,0.2,152
2018,10,10,1,30,0,0,0.2,153
2018,10,10,2,0,0,4,0.2,154
2018,10,10,2,30,0,0,0.2,155
2018,10,10,3,0,0,3,0.2,156
2018,10,10,3,30,0,4,0.2,157
2018,10,10,4,0,0,4,0.2,157
2018,10,10,4,30,0,0,0.2,157
2018,10,10,5,0,0,0,0.2,157
2018,10,10,5,30,0,0,0.2,157
2018,10,10,6,0,0,0,0.2,157
2018,10,10,6,30,48,7,0.2,157
2018,10,10,7,0,337,0,0.2,157
2018,10,10,7,30,539,0,0.30000000000000004,159
2018,10,10,8,0,660,0,0.30000000000000004,161
2018,10,10,8,30,738,0,0.4,167
2018,10,10,9,0,791,0,0.4,173
2018,10,10,9,30,829,0,0.4,175
2018,10,10,10,0,857,0,0.4,177
2018,10,10,10,30,873,0,0.4,179
2018,10,10,11,0,883,0,0.4,180
2018,10,10,11,30,888,0,0.4,181
2018,10,10,12,0,852,0,0.4,182
2018,10,10,12,30,387,4,0.4,182
2018,10,10,13,0,120,4,0.4,183
2018,10,10,13,30,40,7,0.4,183
2018,10,10,14,0,48,7,0.30000000000000004,183
2018,10,10,14,30,6,8,0.30000000000000004,180
2018,10,10,15,0,7,8,0.30000000000000004,178
2018,10,10,15,30,6,8,0.30000000000000004,171
2018,10,10,16,0,1,8,0.2,165
2018,10,10,16,30,12,7,0.2,161
2018,10,10,17,0,2,4,0.2,157
2018,10,10,17,30,19,8,0.2,158
2018,10,10,18,0,19,7,0.2,159
2018,10,10,18,30,0,7,0.2,159
2018,10,10,19,0,0,7,0.30000000000000004,163
2018,10,10,19,30,0,7,0.30000000000000004,167
2018,10,10,20,0,0,7,0.30000000000000004,170
2018,10,10,20,30,0,7,0.30000000000000004,175
2018,10,10,21,0,0,8,0.30000000000000004,179
2018,10,10,21,30,0,7,0.30000000000000004,182
2018,10,10,22,0,0,7,0.30000000000000004,184
2018,10,10,22,30,0,4,0.2,185
2018,10,10,23,0,0,4,0.2,185
2018,10,10,23,30,0,4,0.2,187
2018,10,11,0,0,0,8,0.2,188
2018,10,11,0,30,0,8,0.2,191
2018,10,11,1,0,0,8,0.2,193
2018,10,11,1,30,0,8,0.2,199
2018,10,11,2,0,0,8,0.2,205
2018,10,11,2,30,0,8,0.2,213
2018,10,11,3,0,0,8,0.1,221
2018,10,11,3,30,0,8,0.2,235
2018,10,11,4,0,0,8,0.2,249
2018,10,11,4,30,0,8,0.2,262
2018,10,11,5,0,0,8,0.2,276
2018,10,11,5,30,0,8,0.2,284
2018,10,11,6,0,0,8,0.2,291
2018,10,11,6,30,0,8,0.30000000000000004,295
2018,10,11,7,0,0,8,0.30000000000000004,298
2018,10,11,7,30,0,8,0.30000000000000004,299
2018,10,11,8,0,4,8,0.30000000000000004,300
2018,10,11,8,30,4,8,0.30000000000000004,298
2018,10,11,9,0,26,8,0.30000000000000004,297
2018,10,11,9,30,68,8,0.4,295
2018,10,11,10,0,30,7,0.4,294
2018,10,11,10,30,40,7,0.4,293
2018,10,11,11,0,125,7,0.4,292
2018,10,11,11,30,159,7,0.30000000000000004,291
2018,10,11,12,0,175,7,0.30000000000000004,290
2018,10,11,12,30,267,7,0.30000000000000004,289
2018,10,11,13,0,177,7,0.30000000000000004,288
2018,10,11,13,30,137,7,0.30000000000000004,289
2018,10,11,14,0,6,6,0.30000000000000004,289
2018,10,11,14,30,12,6,0.4,290
2018,10,11,15,0,32,7,0.4,292
2018,10,11,15,30,58,7,0.4,293
2018,10,11,16,0,83,7,0.4,295
2018,10,11,16,30,20,7,0.30000000000000004,297
2018,10,11,17,0,0,7,0.30000000000000004,299
2018,10,11,17,30,0,4,0.2,301
2018,10,11,18,0,0,7,0.2,303
2018,10,11,18,30,0,7,0.2,303
2018,10,11,19,0,0,0,0.2,305
2018,10,11,19,30,0,0,0.2,306
2018,10,11,20,0,0,0,0.2,306
2018,10,11,20,30,0,0,0.2,306
2018,10,11,21,0,0,0,0.2,306
2018,10,11,21,30,0,4,0.2,306
2018,10,11,22,0,0,4,0.2,307
2018,10,11,22,30,0,4,0.2,304
2018,10,11,23,0,0,4,0.2,300
2018,10,11,23,30,0,4,0.2,299
2018,10,12,0,0,0,4,0.2,298
2018,10,12,0,30,0,4,0.2,298
2018,10,12,1,0,0,4,0.2,297
2018,10,12,1,30,0,4,0.2,298
2018,10,12,2,0,0,4,0.2,299
2018,10,12,2,30,0,4,0.2,300
2018,10,12,3,0,0,4,0.2,300
2018,10,12,3,30,0,4,0.2,300
2018,10,12,4,0,0,4,0.2,300
2018,10,12,4,30,0,4,0.2,300
2018,10,12,5,0,0,4,0.2,300
2018,10,12,5,30,0,4,0.2,302
2018,10,12,6,0,0,4,0.2,303
2018,10,12,6,30,0,4,0.2,304
2018,10,12,7,0,0,4,0.30000000000000004,305
2018,10,12,7,30,0,4,0.30000000000000004,307
2018,10,12,8,0,0,4,0.30000000000000004,310
2018,10,12,8,30,8,4,0.30000000000000004,310
2018,10,12,9,0,77,4,0.30000000000000004,311
2018,10,12,9,30,143,4,0.30000000000000004,308
2018,10,12,10,0,214,4,0.30000000000000004,305
2018,10,12,10,30,179,4,0.30000000000000004,303
2018,10,12,11,0,201,4,0.30000000000000004,302
2018,10,12,11,30,189,4,0.30000000000000004,300
2018,10,12,12,0,278,7,0.30000000000000004,299
2018,10,12,12,30,314,4,0.30000000000000004,297
2018,10,12,13,0,261,4,0.30000000000000004,294
2018,10,12,13,30,296,2,0.30000000000000004,292
2018,10,12,14,0,432,7,0.2,289
2018,10,12,14,30,292,7,0.2,283
2018,10,12,15,0,318,7,0.30000000000000004,277
2018,10,12,15,30,235,7,0.30000000000000004,277
2018,10,12,16,0,135,7,0.30000000000000004,278
2018,10,12,16,30,183,7,0.2,282
2018,10,12,17,0,144,7,0.2,286
2018,10,12,17,30,63,7,0.2,291
2018,10,12,18,0,0,7,0.2,295
2018,10,12,18,30,0,7,0.2,295
2018,10,12,19,0,0,7,0.2,306
2018,10,12,19,30,0,7,0.2,308
2018,10,12,20,0,0,7,0.2,310
2018,10,12,20,30,0,7,0.2,307
2018,10,12,21,0,0,8,0.2,303
2018,10,12,21,30,0,7,0.2,296
2018,10,12,22,0,0,7,0.2,288
2018,10,12,22,30,0,7,0.2,281
2018,10,12,23,0,0,7,0.2,274
2018,10,12,23,30,0,7,0.2,274
2018,10,13,0,0,0,7,0.2,274
2018,10,13,0,30,0,7,0.2,277
2018,10,13,1,0,0,4,0.30000000000000004,279
2018,10,13,1,30,0,4,0.30000000000000004,280
2018,10,13,2,0,0,4,0.30000000000000004,282
2018,10,13,2,30,0,4,0.30000000000000004,281
2018,10,13,3,0,0,4,0.30000000000000004,280
2018,10,13,3,30,0,4,0.30000000000000004,278
2018,10,13,4,0,0,4,0.30000000000000004,277
2018,10,13,4,30,0,7,0.30000000000000004,275
2018,10,13,5,0,0,4,0.30000000000000004,274
2018,10,13,5,30,0,4,0.30000000000000004,271
2018,10,13,6,0,0,4,0.30000000000000004,269
2018,10,13,6,30,6,4,0.30000000000000004,269
2018,10,13,7,0,150,0,0.30000000000000004,270
2018,10,13,7,30,360,0,0.30000000000000004,271
2018,10,13,8,0,206,4,0.30000000000000004,273
2018,10,13,8,30,1,4,0.30000000000000004,272
2018,10,13,9,0,1,4,0.30000000000000004,271
2018,10,13,9,30,0,4,0.30000000000000004,270
2018,10,13,10,0,2,4,0.30000000000000004,269
2018,10,13,10,30,1,4,0.30000000000000004,267
2018,10,13,11,0,20,4,0.30000000000000004,265
2018,10,13,11,30,43,4,0.30000000000000004,263
2018,10,13,12,0,6,4,0.30000000000000004,262
2018,10,13,12,30,5,4,0.30000000000000004,261
2018,10,13,13,0,7,4,0.30000000000000004,259
2018,10,13,13,30,0,4,0.30000000000000004,258
2018,10,13,14,0,0,4,0.2,258
2018,10,13,14,30,14,4,0.2,256
2018,10,13,15,0,28,4,0.2,254
2018,10,13,15,30,108,4,0.2,252
2018,10,13,16,0,240,4,0.2,249
2018,10,13,16,30,511,0,0.2,241
2018,10,13,17,0,217,4,0.30000000000000004,233
2018,10,13,17,30,111,4,0.4,226
2018,10,13,18,0,0,0,0.6000000000000001,220
2018,10,13,18,30,0,0,0.6000000000000001,220
2018,10,13,19,0,0,0,0.4,204
2018,10,13,19,30,0,0,0.2,200
2018,10,13,20,0,0,0,0.1,195
2018,10,13,20,30,0,4,0.1,196
2018,10,13,21,0,0,4,0.1,196
2018,10,13,21,30,0,7,0.1,191
2018,10,13,22,0,0,7,0.1,187
2018,10,13,22,30,0,7,0.1,175
2018,10,13,23,0,0,7,0.1,164
2018,10,13,23,30,0,7,0.1,162
2018,10,14,0,0,0,7,0.1,160
2018,10,14,0,30,0,7,0.1,159
2018,10,14,1,0,0,7,0.1,157
2018,10,14,1,30,0,7,0.1,157
2018,10,14,2,0,0,7,0.1,157
2018,10,14,2,30,0,4,0.1,158
2018,10,14,3,0,0,4,0.1,160
2018,10,14,3,30,0,4,0.1,154
2018,10,14,4,0,0,7,0.1,147
2018,10,14,4,30,0,0,0.1,144
2018,10,14,5,0,0,0,0.1,140
2018,10,14,5,30,0,4,0.1,136
2018,10,14,6,0,0,7,0.1,133
2018,10,14,6,30,21,7,0.1,127
2018,10,14,7,0,103,7,0.2,122
2018,10,14,7,30,180,7,0.2,123
2018,10,14,8,0,123,4,0.2,125
2018,10,14,8,30,14,4,0.2,134
2018,10,14,9,0,102,4,0.2,144
2018,10,14,9,30,295,7,0.2,152
2018,10,14,10,0,296,4,0.2,161
2018,10,14,10,30,68,4,0.2,168
2018,10,14,11,0,82,4,0.2,175
2018,10,14,11,30,58,4,0.2,178
2018,10,14,12,0,198,4,0.2,180
2018,10,14,12,30,350,3,0.2,181
2018,10,14,13,0,462,3,0.2,182
2018,10,14,13,30,724,0,0.2,181
2018,10,14,14,0,838,0,0.2,180
2018,10,14,14,30,267,3,0.2,179
2018,10,14,15,0,67,4,0.2,177
2018,10,14,15,30,52,4,0.2,172
2018,10,14,16,0,112,3,0.2,168
2018,10,14,16,30,200,3,0.1,161
2018,10,14,17,0,29,4,0.1,154
2018,10,14,17,30,1,4,0.1,150
2018,10,14,18,0,0,4,0.1,147
2018,10,14,18,30,0,4,0.1,147
2018,10,14,19,0,0,4,0.1,147
2018,10,14,19,30,0,4,0.2,147
2018,10,14,20,0,0,4,0.2,147
2018,10,14,20,30,0,4,0.2,146
2018,10,14,21,0,0,4,0.2,145
2018,10,14,21,30,0,4,0.2,146
2018,10,14,22,0,0,4,0.2,147
2018,10,14,22,30,0,4,0.1,153
2018,10,14,23,0,0,4,0.1,158
2018,10,14,23,30,0,4,0.1,168
2018,10,15,0,0,0,4,0.2,177
2018,10,15,0,30,0,4,0.2,187
2018,10,15,1,0,0,7,0.2,198
2018,10,15,1,30,0,7,0.2,204
2018,10,15,2,0,0,7,0.2,211
2018,10,15,2,30,0,7,0.2,213
2018,10,15,3,0,0,7,0.2,216
2018,10,15,3,30,0,7,0.2,216
2018,10,15,4,0,0,7,0.2,216
2018,10,15,4,30,0,4,0.2,216
2018,10,15,5,0,0,3,0.2,217
2018,10,15,5,30,0,4,0.2,217
2018,10,15,6,0,0,4,0.2,217
2018,10,15,6,30,0,4,0.2,220
2018,10,15,7,0,0,4,0.2,223
2018,10,15,7,30,0,4,0.2,232
2018,10,15,8,0,0,4,0.30000000000000004,241
2018,10,15,8,30,2,4,0.30000000000000004,249
2018,10,15,9,0,0,4,0.30000000000000004,257
2018,10,15,9,30,0,4,0.30000000000000004,265
2018,10,15,10,0,0,4,0.4,272
2018,10,15,10,30,0,4,0.4,272
2018,10,15,11,0,0,4,0.4,273
2018,10,15,11,30,0,4,0.4,273
2018,10,15,12,0,0,8,0.4,273
2018,10,15,12,30,0,8,0.4,274
2018,10,15,13,0,2,8,0.4,275
2018,10,15,13,30,0,6,0.4,276
2018,10,15,14,0,0,7,0.4,277
2018,10,15,14,30,0,7,0.4,278
2018,10,15,15,0,0,7,0.4,279
2018,10,15,15,30,0,7,0.4,281
2018,10,15,16,0,0,7,0.4,283
2018,10,15,16,30,0,7,0.4,282
2018,10,15,17,0,0,7,0.4,282
2018,10,15,17,30,0,6,0.30000000000000004,282
2018,10,15,18,0,0,6,0.30000000000000004,281
2018,10,15,18,30,0,7,0.30000000000000004,281
2018,10,15,19,0,0,7,0.30000000000000004,287
2018,10,15,19,30,0,7,0.30000000000000004,291
2018,10,15,20,0,0,7,0.30000000000000004,296
2018,10,15,20,30,0,7,0.2,299
2018,10,15,21,0,0,7,0.2,303
2018,10,15,21,30,0,7,0.2,305
2018,10,15,22,0,0,7,0.2,308
2018,10,15,22,30,0,7,0.2,306
2018,10,15,23,0,0,7,0.1,304
2018,10,15,23,30,0,7,0.1,299
2018,10,16,0,0,0,7,0.1,294
2018,10,16,0,30,0,7,0.1,290
2018,10,16,1,0,0,7,0.1,287
2018,10,16,1,30,0,7,0.1,287
2018,10,16,2,0,0,7,0.1,286
2018,10,16,2,30,0,7,0.1,284
2018,10,16,3,0,0,0,0.1,282
2018,10,16,3,30,0,0,0.1,280
2018,10,16,4,0,0,0,0.1,277
2018,10,16,4,30,0,0,0.1,277
2018,10,16,5,0,0,0,0.1,276
2018,10,16,5,30,0,0,0.1,273
2018,10,16,6,0,0,0,0.1,270
2018,10,16,6,30,0,7,0.1,265
2018,10,16,7,0,151,7,0.1,260
2018,10,16,7,30,314,7,0.1,255
2018,10,16,8,0,447,7,0.1,251
2018,10,16,8,30,742,0,0.2,245
2018,10,16,9,0,623,7,0.2,238
2018,10,16,9,30,730,7,0.2,235
2018,10,16,10,0,937,0,0.30000000000000004,231
2018,10,16,10,30,887,0,0.30000000000000004,231
2018,10,16,11,0,787,0,0.30000000000000004,231
2018,10,16,11,30,554,7,0.30000000000000004,232
2018,10,16,12,0,598,7,0.30000000000000004,234
2018,10,16,12,30,512,7,0.4,236
2018,10,16,13,0,576,7,0.4,238
2018,10,16,13,30,673,7,0.4,240
2018,10,16,14,0,436,7,0.4,241
2018,10,16,14,30,461,7,0.4,239
2018,10,16,15,0,637,7,0.4,238
2018,10,16,15,30,545,7,0.30000000000000004,233
2018,10,16,16,0,282,7,0.30000000000000004,228
2018,10,16,16,30,61,7,0.2,221
2018,10,16,17,0,29,7,0.2,215
2018,10,16,17,30,32,7,0.2,211
2018,10,16,18,0,0,7,0.2,206
2018,10,16,18,30,0,7,0.2,206
2018,10,16,19,0,0,7,0.1,201
2018,10,16,19,30,0,7,0.2,203
2018,10,16,20,0,0,7,0.2,204
2018,10,16,20,30,0,7,0.2,206
2018,10,16,21,0,0,0,0.2,209
2018,10,16,21,30,0,0,0.2,212
2018,10,16,22,0,0,0,0.2,214
2018,10,16,22,30,0,0,0.2,217
2018,10,16,23,0,0,0,0.2,219
2018,10,16,23,30,0,0,0.2,221
2018,10,17,0,0,0,0,0.2,223
2018,10,17,0,30,0,0,0.2,225
2018,10,17,1,0,0,0,0.2,226
2018,10,17,1,30,0,0,0.2,231
2018,10,17,2,0,0,0,0.2,236
2018,10,17,2,30,0,0,0.2,236
2018,10,17,3,0,0,0,0.2,236
2018,10,17,3,30,0,0,0.2,231
2018,10,17,4,0,0,0,0.2,227
2018,10,17,4,30,0,0,0.2,225
2018,10,17,5,0,0,0,0.2,224
2018,10,17,5,30,0,0,0.2,226
2018,10,17,6,0,0,0,0.2,228
2018,10,17,6,30,0,0,0.2,235
2018,10,17,7,0,284,0,0.30000000000000004,242
2018,10,17,7,30,549,0,0.30000000000000004,243
2018,10,17,8,0,651,0,0.4,243
2018,10,17,8,30,284,4,0.4,248
2018,10,17,9,0,707,0,0.4,253
2018,10,17,9,30,882,0,0.5,260
2018,10,17,10,0,913,0,0.5,268
2018,10,17,10,30,932,0,0.6000000000000001,273
2018,10,17,11,0,942,0,0.6000000000000001,279
2018,10,17,11,30,947,0,0.6000000000000001,282
2018,10,17,12,0,917,0,0.6000000000000001,286
2018,10,17,12,30,604,0,0.6000000000000001,289
2018,10,17,13,0,851,0,0.6000000000000001,292
2018,10,17,13,30,574,0,0.6000000000000001,295
2018,10,17,14,0,547,0,0.5,298
2018,10,17,14,30,575,0,0.5,300
2018,10,17,15,0,725,0,0.5,302
2018,10,17,15,30,275,4,0.5,305
2018,10,17,16,0,49,4,0.4,307
2018,10,17,16,30,0,4,0.4,310
2018,10,17,17,0,51,4,0.30000000000000004,313
2018,10,17,17,30,64,4,0.30000000000000004,315
2018,10,17,18,0,0,4,0.30000000000000004,317
2018,10,17,18,30,0,0,0.30000000000000004,317
2018,10,17,19,0,0,0,0.2,317
2018,10,17,19,30,0,0,0.2,315
2018,10,17,20,0,0,0,0.2,314
2018,10,17,20,30,0,0,0.2,312
2018,10,17,21,0,0,0,0.2,311
2018,10,17,21,30,0,0,0.2,309
2018,10,17,22,0,0,0,0.2,306
2018,10,17,22,30,0,0,0.2,304
2018,10,17,23,0,0,0,0.2,302
2018,10,17,23,30,0,0,0.2,303
2018,10,18,0,0,0,0,0.2,304
2018,10,18,0,30,0,0,0.1,306
2018,10,18,1,0,0,0,0.1,308
2018,10,18,1,30,0,0,0.1,313
2018,10,18,2,0,0,0,0.1,318
2018,10,18,2,30,0,0,0.1,320
2018,10,18,3,0,0,0,0.1,322
2018,10,18,3,30,0,0,0.1,324
2018,10,18,4,0,0,0,0.1,326
2018,10,18,4,30,0,0,0.1,327
2018,10,18,5,0,0,0,0.1,329
2018,10,18,5,30,0,0,0.1,327
2018,10,18,6,0,0,0,0.1,325
2018,10,18,6,30,0,0,0.1,320
2018,10,18,7,0,280,0,0.1,315
2018,10,18,7,30,548,0,0.2,321
2018,10,18,8,0,689,0,0.2,327
2018,10,18,8,30,775,0,0.2,328
2018,10,18,9,0,834,0,0.30000000000000004,329
2018,10,18,9,30,884,0,0.30000000000000004,325
2018,10,18,10,0,924,0,0.2,321
2018,10,18,10,30,944,0,0.2,316
2018,10,18,11,0,957,0,0.2,311
2018,10,18,11,30,965,0,0.2,307
2018,10,18,12,0,966,0,0.2,303
2018,10,18,12,30,966,0,0.2,302
2018,10,18,13,0,963,0,0.2,300
2018,10,18,13,30,954,0,0.2,299
2018,10,18,14,0,939,0,0.2,298
2018,10,18,14,30,920,0,0.2,296
2018,10,18,15,0,891,0,0.2,295
2018,10,18,15,30,845,0,0.2,292
2018,10,18,16,0,779,0,0.2,289
2018,10,18,16,30,681,0,0.30000000000000004,288
2018,10,18,17,0,519,0,0.5,286
2018,10,18,17,30,186,0,0.7000000000000001,280
2018,10,18,18,0,0,0,0.9,273
2018,10,18,18,30,0,0,0.9,273
2018,10,18,19,0,0,0,0.9,251
2018,10,18,19,30,0,0,0.9,242
2018,10,18,20,0,0,0,0.9,233
2018,10,18,20,30,0,0,0.7000000000000001,229
2018,10,18,21,0,0,0,0.6000000000000001,225
2018,10,18,21,30,0,0,0.5,224
2018,10,18,22,0,0,0,0.30000000000000004,223
2018,10,18,22,30,0,0,0.2,223
2018,10,18,23,0,0,0,0.1,224
2018,10,18,23,30,0,0,0.1,224
2018,10,19,0,0,0,0,0.1,225
2018,10,19,0,30,0,0,0.1,225
2018,10,19,1,0,0,0,0.1,226
2018,10,19,1,30,0,0,0.1,226
2018,10,19,2,0,0,0,0.1,225
2018,10,19,2,30,0,0,0.1,224
2018,10,19,3,0,0,0,0.1,223
2018,10,19,3,30,0,0,0.1,221
2018,10,19,4,0,0,0,0.1,219
2018,10,19,4,30,0,0,0.1,216
2018,10,19,5,0,0,0,0.1,213
2018,10,19,5,30,0,0,0.1,211
2018,10,19,6,0,0,0,0.1,208
2018,10,19,6,30,0,4,0.1,204
2018,10,19,7,0,257,0,0.2,199
2018,10,19,7,30,544,0,0.2,194
2018,10,19,8,0,485,0,0.2,188
2018,10,19,8,30,383,7,0.2,191
2018,10,19,9,0,82,7,0.2,193
2018,10,19,9,30,93,7,0.30000000000000004,198
2018,10,19,10,0,541,7,0.30000000000000004,203
2018,10,19,10,30,560,4,0.30000000000000004,198
2018,10,19,11,0,694,0,0.30000000000000004,194
2018,10,19,11,30,955,0,0.4,194
2018,10,19,12,0,945,0,0.4,194
2018,10,19,12,30,668,7,0.4,197
2018,10,19,13,0,481,7,0.4,200
2018,10,19,13,30,375,7,0.4,202
2018,10,19,14,0,331,7,0.4,205
2018,10,19,14,30,26,7,0.4,207
2018,10,19,15,0,8,6,0.4,209
2018,10,19,15,30,0,6,0.4,209
2018,10,19,16,0,0,6,0.30000000000000004,210
2018,10,19,16,30,0,6,0.30000000000000004,204
2018,10,19,17,0,0,7,0.2,199
2018,10,19,17,30,5,6,0.2,204
2018,10,19,18,0,0,6,0.30000000000000004,209
2018,10,19,18,30,0,7,0.30000000000000004,209
2018,10,19,19,0,0,6,0.2,230
2018,10,19,19,30,0,7,0.30000000000000004,233
2018,10,19,20,0,0,6,0.30000000000000004,235
2018,10,19,20,30,0,7,0.30000000000000004,233
2018,10,19,21,0,0,7,0.30000000000000004,230
2018,10,19,21,30,0,7,0.30000000000000004,231
2018,10,19,22,0,0,7,0.4,231
2018,10,19,22,30,0,7,0.4,233
2018,10,19,23,0,0,7,0.4,234
2018,10,19,23,30,0,7,0.4,234
2018,10,20,0,0,0,7,0.4,233
2018,10,20,0,30,0,7,0.4,233
2018,10,20,1,0,0,7,0.4,233
2018,10,20,1,30,0,7,0.4,235
2018,10,20,2,0,0,7,0.4,237
2018,10,20,2,30,0,7,0.4,241
2018,10,20,3,0,0,4,0.4,245
2018,10,20,3,30,0,4,0.30000000000000004,247
2018,10,20,4,0,0,8,0.30000000000000004,250
2018,10,20,4,30,0,4,0.30000000000000004,251
2018,10,20,5,0,0,4,0.30000000000000004,252
2018,10,20,5,30,0,4,0.30000000000000004,250
2018,10,20,6,0,0,4,0.2,249
2018,10,20,6,30,0,4,0.2,245
2018,10,20,7,0,66,4,0.2,241
2018,10,20,7,30,154,0,0.30000000000000004,237
2018,10,20,8,0,0,4,0.30000000000000004,233
2018,10,20,8,30,133,3,0.30000000000000004,235
2018,10,20,9,0,540,0,0.4,238
2018,10,20,9,30,310,2,0.4,239
2018,10,20,10,0,600,0,0.4,240
2018,10,20,10,30,537,0,0.5,240
2018,10,20,11,0,697,0,0.5,240
2018,10,20,11,30,597,0,0.5,243
2018,10,20,12,0,598,0,0.5,245
2018,10,20,12,30,284,4,0.5,249
2018,10,20,13,0,190,4,0.5,253
2018,10,20,13,30,304,3,0.5,257
2018,10,20,14,0,156,4,0.5,260
2018,10,20,14,30,17,4,0.5,262
2018,10,20,15,0,0,4,0.5,264
2018,10,20,15,30,1,4,0.4,267
2018,10,20,16,0,0,4,0.4,270
2018,10,20,16,30,40,4,0.4,273
2018,10,20,17,0,10,4,0.4,276
2018,10,20,17,30,9,4,0.4,281
2018,10,20,18,0,0,6,0.4,287
2018,10,20,18,30,0,4,0.4,287
2018,10,20,19,0,0,4,0.5,296
2018,10,20,19,30,0,7,0.5,297
2018,10,20,20,0,0,7,0.5,299
2018,10,20,20,30,0,0,0.5,303
2018,10,20,21,0,0,0,0.5,307
2018,10,20,21,30,0,4,0.5,313
2018,10,20,22,0,0,4,0.6000000000000001,320
2018,10,20,22,30,0,4,0.6000000000000001,321
2018,10,20,23,0,0,4,0.6000000000000001,322
2018,10,20,23,30,0,4,0.6000000000000001,320
2018,10,21,0,0,0,4,0.5,319
2018,10,21,0,30,0,4,0.5,318
2018,10,21,1,0,0,4,0.5,317
2018,10,21,1,30,0,4,0.4,316
2018,10,21,2,0,0,4,0.4,315
2018,10,21,2,30,0,4,0.4,313
2018,10,21,3,0,0,4,0.4,311
2018,10,21,3,30,0,4,0.4,310
2018,10,21,4,0,0,4,0.30000000000000004,309
2018,10,21,4,30,0,4,0.30000000000000004,306
2018,10,21,5,0,0,4,0.30000000000000004,304
2018,10,21,5,30,0,4,0.30000000000000004,301
2018,10,21,6,0,0,4,0.2,299
2018,10,21,6,30,0,4,0.2,296
2018,10,21,7,0,0,4,0.30000000000000004,294
2018,10,21,7,30,0,4,0.30000000000000004,295
2018,10,21,8,0,0,4,0.30000000000000004,297
2018,10,21,8,30,0,4,0.4,302
2018,10,21,9,0,0,4,0.4,308
2018,10,21,9,30,1,4,0.4,306
2018,10,21,10,0,12,4,0.4,305
2018,10,21,10,30,3,4,0.4,303
2018,10,21,11,0,0,4,0.30000000000000004,301
2018,10,21,11,30,0,4,0.30000000000000004,300
2018,10,21,12,0,0,4,0.30000000000000004,299
2018,10,21,12,30,0,4,0.30000000000000004,298
2018,10,21,13,0,0,4,0.30000000000000004,297
2018,10,21,13,30,7,4,0.30000000000000004,295
2018,10,21,14,0,17,4,0.30000000000000004,294
2018,10,21,14,30,121,4,0.30000000000000004,292
2018,10,21,15,0,166,4,0.30000000000000004,290
2018,10,21,15,30,386,4,0.30000000000000004,288
2018,10,21,16,0,749,0,0.30000000000000004,285
2018,10,21,16,30,646,0,0.2,279
2018,10,21,17,0,474,0,0.2,274
2018,10,21,17,30,126,0,0.30000000000000004,268
2018,10,21,18,0,0,0,0.4,263
2018,10,21,18,30,0,0,0.4,263
2018,10,21,19,0,0,0,0.30000000000000004,249
2018,10,21,19,30,0,0,0.2,239
2018,10,21,20,0,0,0,0.1,230
2018,10,21,20,30,0,0,0.1,226
2018,10,21,21,0,0,0,0.1,221
2018,10,21,21,30,0,0,0.1,219
2018,10,21,22,0,0,0,0.1,217
2018,10,21,22,30,0,0,0.1,215
2018,10,21,23,0,0,0,0.1,213
2018,10,21,23,30,0,0,0.1,210
2018,10,22,0,0,0,0,0.1,208
2018,10,22,0,30,0,0,0.1,205
2018,10,22,1,0,0,0,0.1,202
2018,10,22,1,30,0,0,0.1,201
2018,10,22,2,0,0,0,0.1,199
2018,10,22,2,30,0,0,0.1,198
2018,10,22,3,0,0,0,0.1,197
2018,10,22,3,30,0,0,0.1,195
2018,10,22,4,0,0,0,0.1,193
2018,10,22,4,30,0,0,0.1,191
2018,10,22,5,0,0,0,0.1,190
2018,10,22,5,30,0,0,0.1,189
2018,10,22,6,0,0,0,0.2,188
2018,10,22,6,30,0,0,0.2,189
2018,10,22,7,0,178,0,0.2,189
2018,10,22,7,30,28,4,0.30000000000000004,191
2018,10,22,8,0,2,4,0.30000000000000004,192
2018,10,22,8,30,44,4,0.30000000000000004,199
2018,10,22,9,0,58,4,0.30000000000000004,205
2018,10,22,9,30,72,7,0.4,210
2018,10,22,10,0,202,4,0.4,215
2018,10,22,10,30,403,4,0.4,218
2018,10,22,11,0,374,4,0.4,221
2018,10,22,11,30,346,4,0.4,222
2018,10,22,12,0,402,4,0.4,224
2018,10,22,12,30,560,4,0.4,226
2018,10,22,13,0,517,4,0.4,228
2018,10,22,13,30,460,4,0.4,230
2018,10,22,14,0,632,0,0.4,231
2018,10,22,14,30,551,7,0.30000000000000004,231
2018,10,22,15,0,658,0,0.30000000000000004,231
2018,10,22,15,30,740,0,0.30000000000000004,228
2018,10,22,16,0,679,0,0.2,225
2018,10,22,16,30,352,0,0.2,222
2018,10,22,17,0,100,4,0.1,218
2018,10,22,17,30,24,4,0.1,218
2018,10,22,18,0,0,8,0.2,218
2018,10,22,18,30,0,7,0.2,218
2018,10,22,19,0,0,3,0.2,224
2018,10,22,19,30,0,4,0.2,227
2018,10,22,20,0,0,4,0.2,231
2018,10,22,20,30,0,4,0.2,235
2018,10,22,21,0,0,3,0.2,239
2018,10,22,21,30,0,0,0.2,243
2018,10,22,22,0,0,0,0.2,246
2018,10,22,22,30,0,0,0.2,249
2018,10,22,23,0,0,3,0.2,252
2018,10,22,23,30,0,0,0.2,253
2018,10,23,0,0,0,0,0.2,254
2018,10,23,0,30,0,0,0.2,252
2018,10,23,1,0,0,0,0.1,250
2018,10,23,1,30,0,0,0.1,245
2018,10,23,2,0,0,0,0.1,240
2018,10,23,2,30,0,0,0.1,233
2018,10,23,3,0,0,0,0.2,227
2018,10,23,3,30,0,0,0.2,225
2018,10,23,4,0,0,0,0.2,224
2018,10,23,4,30,0,0,0.2,229
2018,10,23,5,0,0,0,0.2,235
2018,10,23,5,30,0,0,0.2,240
2018,10,23,6,0,0,0,0.30000000000000004,245
2018,10,23,6,30,0,0,0.30000000000000004,248
2018,10,23,7,0,153,0,0.30000000000000004,252
2018,10,23,7,30,430,0,0.30000000000000004,257
2018,10,23,8,0,600,0,0.30000000000000004,262
2018,10,23,8,30,719,0,0.30000000000000004,272
2018,10,23,9,0,805,0,0.4,281
2018,10,23,9,30,856,0,0.4,289
2018,10,23,10,0,895,0,0.4,296
2018,10,23,10,30,918,0,0.4,298
2018,10,23,11,0,934,0,0.5,301
2018,10,23,11,30,945,0,0.5,303
2018,10,23,12,0,951,0,0.5,305
2018,10,23,12,30,538,0,0.5,307
2018,10,23,13,0,313,3,0.5,309
2018,10,23,13,30,245,4,0.4,310
2018,10,23,14,0,93,4,0.4,312
2018,10,23,14,30,399,0,0.4,313
2018,10,23,15,0,310,2,0.4,315
2018,10,23,15,30,566,0,0.4,316
2018,10,23,16,0,640,0,0.30000000000000004,318
2018,10,23,16,30,288,0,0.30000000000000004,320
2018,10,23,17,0,77,4,0.2,323
2018,10,23,17,30,19,0,0.2,325
2018,10,23,18,0,0,4,0.1,328
2018,10,23,18,30,0,4,0.1,328
2018,10,23,19,0,0,4,0.1,330
2018,10,23,19,30,0,4,0.1,330
2018,10,23,20,0,0,4,0.1,330
2018,10,23,20,30,0,0,0.1,329
2018,10,23,21,0,0,0,0.1,329
2018,10,23,21,30,0,4,0.1,329
2018,10,23,22,0,0,4,0.1,330
2018,10,23,22,30,0,0,0.1,333
2018,10,23,23,0,0,0,0.1,335
2018,10,23,23,30,0,0,0.1,338
2018,10,24,0,0,0,0,0.2,341
2018,10,24,0,30,0,0,0.2,341
2018,10,24,1,0,0,0,0.2,342
2018,10,24,1,30,0,0,0.2,342
2018,10,24,2,0,0,0,0.2,343
2018,10,24,2,30,0,0,0.2,343
2018,10,24,3,0,0,0,0.1,342
2018,10,24,3,30,0,0,0.1,342
2018,10,24,4,0,0,0,0.1,341
2018,10,24,4,30,0,0,0.1,339
2018,10,24,5,0,0,0,0.1,338
2018,10,24,5,30,0,0,0.1,337
2018,10,24,6,0,0,0,0.1,336
2018,10,24,6,30,0,0,0.1,336
2018,10,24,7,0,145,0,0.1,335
2018,10,24,7,30,463,0,0.2,336
2018,10,24,8,0,623,0,0.2,337
2018,10,24,8,30,725,0,0.30000000000000004,341
2018,10,24,9,0,793,0,0.30000000000000004,346
2018,10,24,9,30,796,0,0.30000000000000004,345
2018,10,24,10,0,365,3,0.30000000000000004,345
2018,10,24,10,30,294,3,0.30000000000000004,343
2018,10,24,11,0,541,0,0.30000000000000004,341
2018,10,24,11,30,311,2,0.30000000000000004,339
2018,10,24,12,0,231,2,0.30000000000000004,336
2018,10,24,12,30,609,0,0.30000000000000004,335
2018,10,24,13,0,117,4,0.30000000000000004,334
2018,10,24,13,30,190,4,0.30000000000000004,333
2018,10,24,14,0,270,4,0.30000000000000004,333
2018,10,24,14,30,236,4,0.30000000000000004,333
2018,10,24,15,0,202,4,0.30000000000000004,332
2018,10,24,15,30,333,4,0.30000000000000004,332
2018,10,24,16,0,688,0,0.30000000000000004,332
2018,10,24,16,30,232,4,0.2,333
2018,10,24,17,0,318,0,0.1,335
2018,10,24,17,30,71,0,0.1,341
2018,10,24,18,0,0,4,0.1,346
2018,10,24,18,30,0,0,0.1,346
2018,10,24,19,0,0,0,0.1,357
2018,10,24,19,30,0,0,0.1,180
2018,10,24,20,0,0,0,0.1,2
2018,10,24,20,30,0,0,0.1,3
2018,10,24,21,0,0,0,0.2,3
2018,10,24,21,30,0,4,0.30000000000000004,8
2018,10,24,22,0,0,0,0.4,12
2018,10,24,22,30,0,0,0.5,25
2018,10,24,23,0,0,0,0.6000000000000001,37
2018,10,24,23,30,0,0,0.6000000000000001,47
2018,10,25,0,0,0,0,0.7000000000000001,56
2018,10,25,0,30,0,0,0.6000000000000001,65
2018,10,25,1,0,0,0,0.6000000000000001,73
2018,10,25,1,30,0,0,0.6000000000000001,84
2018,10,25,2,0,0,0,0.5,95
2018,10,25,2,30,0,0,0.4,95
2018,10,25,3,0,0,0,0.30000000000000004,96
2018,10,25,3,30,0,0,0.30000000000000004,68
2018,10,25,4,0,0,4,0.30000000000000004,40
2018,10,25,4,30,0,4,0.30000000000000004,32
2018,10,25,5,0,0,4,0.30000000000000004,24
2018,10,25,5,30,0,7,0.30000000000000004,25
2018,10,25,6,0,0,4,0.30000000000000004,26
2018,10,25,6,30,0,7,0.2,50
2018,10,25,7,0,35,4,0.1,75
2018,10,25,7,30,158,4,0.1,92
2018,10,25,8,0,416,7,0.0,110
2018,10,25,8,30,723,0,0.1,94
2018,10,25,9,0,562,7,0.1,78
2018,10,25,9,30,494,7,0.1,83
2018,10,25,10,0,402,7,0.1,88
2018,10,25,10,30,310,7,0.1,91
2018,10,25,11,0,242,7,0.1,94
2018,10,25,11,30,59,6,0.0,106
2018,10,25,12,0,17,6,0.0,118
2018,10,25,12,30,2,6,0.0,159
2018,10,25,13,0,9,7,0.0,200
2018,10,25,13,30,50,7,0.0,197
2018,10,25,14,0,80,8,0.0,194
2018,10,25,14,30,232,4,0.0,120
2018,10,25,15,0,227,8,0.0,46
2018,10,25,15,30,57,4,0.1,49
2018,10,25,16,0,66,8,0.2,53
2018,10,25,16,30,40,8,0.30000000000000004,65
2018,10,25,17,0,1,4,0.5,76
2018,10,25,17,30,11,7,0.6000000000000001,97
2018,10,25,18,0,0,4,0.7000000000000001,118
2018,10,25,18,30,0,4,0.7000000000000001,118
2018,10,25,19,0,0,4,0.7000000000000001,134
2018,10,25,19,30,0,4,0.6000000000000001,124
2018,10,25,20,0,0,4,0.5,115
2018,10,25,20,30,0,4,0.5,112
2018,10,25,21,0,0,7,0.4,110
2018,10,25,21,30,0,4,0.30000000000000004,116
2018,10,25,22,0,0,4,0.30000000000000004,122
2018,10,25,22,30,0,7,0.2,123
2018,10,25,23,0,0,4,0.1,124
2018,10,25,23,30,0,4,0.1,121
2018,10,26,0,0,0,7,0.1,119
2018,10,26,0,30,0,7,0.1,115
2018,10,26,1,0,0,7,0.1,111
2018,10,26,1,30,0,7,0.1,107
2018,10,26,2,0,0,7,0.1,102
2018,10,26,2,30,0,7,0.1,100
2018,10,26,3,0,0,7,0.1,98
2018,10,26,3,30,0,7,0.1,96
2018,10,26,4,0,0,7,0.1,93
2018,10,26,4,30,0,7,0.1,88
2018,10,26,5,0,0,7,0.2,83
2018,10,26,5,30,0,7,0.2,81
2018,10,26,6,0,0,7,0.2,78
2018,10,26,6,30,0,7,0.2,88
2018,10,26,7,0,1,4,0.1,97
2018,10,26,7,30,0,4,0.2,98
2018,10,26,8,0,4,4,0.2,99
2018,10,26,8,30,6,4,0.2,98
2018,10,26,9,0,1,4,0.2,97
2018,10,26,9,30,10,7,0.30000000000000004,103
2018,10,26,10,0,6,8,0.30000000000000004,109
2018,10,26,10,30,6,4,0.30000000000000004,121
2018,10,26,11,0,10,4,0.30000000000000004,133
2018,10,26,11,30,0,4,0.30000000000000004,134
2018,10,26,12,0,7,4,0.30000000000000004,135
2018,10,26,12,30,14,7,0.30000000000000004,129
2018,10,26,13,0,6,7,0.30000000000000004,122
2018,10,26,13,30,4,7,0.30000000000000004,116
2018,10,26,14,0,2,7,0.30000000000000004,110
2018,10,26,14,30,0,4,0.30000000000000004,105
2018,10,26,15,0,8,8,0.30000000000000004,100
2018,10,26,15,30,6,4,0.2,97
2018,10,26,16,0,5,4,0.2,94
2018,10,26,16,30,27,4,0.2,92
2018,10,26,17,0,27,4,0.2,91
2018,10,26,17,30,4,4,0.2,92
2018,10,26,18,0,0,4,0.2,93
2018,10,26,18,30,0,4,0.2,93
2018,10,26,19,0,0,4,0.30000000000000004,100
2018,10,26,19,30,0,4,0.30000000000000004,104
2018,10,26,20,0,0,7,0.30000000000000004,108
2018,10,26,20,30,0,4,0.30000000000000004,110
2018,10,26,21,0,0,8,0.30000000000000004,112
2018,10,26,21,30,0,4,0.30000000000000004,112
2018,10,26,22,0,0,4,0.30000000000000004,113
2018,10,26,22,30,0,4,0.30000000000000004,112
2018,10,26,23,0,0,7,0.30000000000000004,111
2018,10,26,23,30,0,4,0.30000000000000004,111
2018,10,27,0,0,0,4,0.30000000000000004,110
2018,10,27,0,30,0,4,0.2,110
2018,10,27,1,0,0,4,0.2,110
2018,10,27,1,30,0,4,0.2,109
2018,10,27,2,0,0,4,0.2,109
2018,10,27,2,30,0,4,0.2,108
2018,10,27,3,0,0,4,0.2,107
2018,10,27,3,30,0,4,0.2,105
2018,10,27,4,0,0,4,0.2,103
2018,10,27,4,30,0,4,0.2,100
2018,10,27,5,0,0,4,0.1,96
2018,10,27,5,30,0,4,0.1,92
2018,10,27,6,0,0,4,0.1,87
2018,10,27,6,30,0,4,0.1,82
2018,10,27,7,0,0,4,0.1,76
2018,10,27,7,30,0,4,0.2,76
2018,10,27,8,0,0,4,0.2,76
2018,10,27,8,30,0,4,0.2,81
2018,10,27,9,0,0,4,0.2,86
2018,10,27,9,30,0,4,0.2,89
2018,10,27,10,0,0,4,0.2,92
2018,10,27,10,30,0,4,0.2,94
2018,10,27,11,0,0,4,0.1,95
2018,10,27,11,30,0,4,0.1,90
2018,10,27,12,0,0,4,0.1,85
2018,10,27,12,30,0,4,0.1,58
2018,10,27,13,0,0,4,0.1,31
2018,10,27,13,30,0,4,0.1,189
2018,10,27,14,0,0,4,0.1,347
2018,10,27,14,30,0,4,0.1,341
2018,10,27,15,0,0,4,0.2,335
2018,10,27,15,30,0,4,0.2,331
2018,10,27,16,0,0,4,0.2,328
2018,10,27,16,30,0,4,0.2,324
2018,10,27,17,0,0,4,0.2,320
2018,10,27,17,30,2,4,0.2,317
2018,10,27,18,0,0,4,0.2,313
2018,10,27,18,30,0,4,0.2,313
2018,10,27,19,0,0,4,0.2,305
2018,10,27,19,30,0,4,0.2,300
2018,10,27,20,0,0,4,0.2,296
2018,10,27,20,30,0,4,0.2,292
2018,10,27,21,0,0,4,0.2,289
2018,10,27,21,30,0,4,0.2,286
2018,10,27,22,0,0,4,0.2,283
2018,10,27,22,30,0,4,0.2,282
2018,10,27,23,0,0,4,0.2,281
2018,10,27,23,30,0,4,0.30000000000000004,281
2018,10,28,0,0,0,4,0.30000000000000004,282
2018,10,28,0,30,0,7,0.30000000000000004,282
2018,10,28,1,0,0,4,0.30000000000000004,282
2018,10,28,1,30,0,4,0.30000000000000004,283
2018,10,28,2,0,0,4,0.30000000000000004,283
2018,10,28,2,30,0,7,0.30000000000000004,282
2018,10,28,3,0,0,4,0.30000000000000004,281
2018,10,28,3,30,0,7,0.30000000000000004,276
2018,10,28,4,0,0,4,0.30000000000000004,271
2018,10,28,4,30,0,4,0.2,267
2018,10,28,5,0,0,4,0.2,263
2018,10,28,5,30,0,4,0.2,260
2018,10,28,6,0,0,4,0.2,257
2018,10,28,6,30,0,4,0.2,253
2018,10,28,7,0,50,0,0.2,250
2018,10,28,7,30,168,0,0.30000000000000004,246
2018,10,28,8,0,233,4,0.30000000000000004,242
2018,10,28,8,30,469,0,0.30000000000000004,239
2018,10,28,9,0,440,0,0.30000000000000004,235
2018,10,28,9,30,53,4,0.30000000000000004,229
2018,10,28,10,0,63,4,0.30000000000000004,224
2018,10,28,10,30,76,4,0.30000000000000004,216
2018,10,28,11,0,393,4,0.30000000000000004,209
2018,10,28,11,30,119,4,0.30000000000000004,203
2018,10,28,12,0,22,6,0.4,197
2018,10,28,12,30,0,6,0.4,192
2018,10,28,13,0,0,9,0.4,188
2018,10,28,13,30,0,6,0.4,183
2018,10,28,14,0,0,7,0.4,179
2018,10,28,14,30,1,8,0.4,181
2018,10,28,15,0,21,4,0.4,183
2018,10,28,15,30,13,4,0.30000000000000004,181
2018,10,28,16,0,0,4,0.30000000000000004,179
2018,10,28,16,30,0,4,0.30000000000000004,189
2018,10,28,17,0,35,4,0.30000000000000004,199
2018,10,28,17,30,3,0,0.30000000000000004,223
2018,10,28,18,0,0,9,0.30000000000000004,248
2018,10,28,18,30,0,6,0.30000000000000004,248
2018,10,28,19,0,0,7,0.4,263
2018,10,28,19,30,0,4,0.4,260
2018,10,28,20,0,0,4,0.30000000000000004,257
2018,10,28,20,30,0,4,0.4,256
2018,10,28,21,0,0,4,0.4,255
2018,10,28,21,30,0,7,0.4,259
2018,10,28,22,0,0,8,0.4,262
2018,10,28,22,30,0,4,0.4,268
2018,10,28,23,0,0,7,0.4,275
2018,10,28,23,30,0,4,0.4,282
2018,10,29,0,0,0,4,0.4,290
2018,10,29,0,30,0,4,0.4,293
2018,10,29,1,0,0,4,0.4,297
2018,10,29,1,30,0,4,0.4,296
2018,10,29,2,0,0,4,0.4,294
2018,10,29,2,30,0,4,0.4,291
2018,10,29,3,0,0,4,0.30000000000000004,287
2018,10,29,3,30,0,4,0.30000000000000004,285
2018,10,29,4,0,0,4,0.30000000000000004,283
2018,10,29,4,30,0,4,0.30000000000000004,281
2018,10,29,5,0,0,4,0.4,280
2018,10,29,5,30,0,4,0.30000000000000004,279
2018,10,29,6,0,0,4,0.30000000000000004,278
2018,10,29,6,30,0,4,0.30000000000000004,275
2018,10,29,7,0,32,4,0.30000000000000004,272
2018,10,29,7,30,278,0,0.30000000000000004,270
2018,10,29,8,0,374,0,0.30000000000000004,267
2018,10,29,8,30,79,4,0.30000000000000004,267
2018,10,29,9,0,0,4,0.4,268
2018,10,29,9,30,0,4,0.4,274
2018,10,29,10,0,0,4,0.4,280
2018,10,29,10,30,0,4,0.5,284
2018,10,29,11,0,1,4,0.5,288
2018,10,29,11,30,18,4,0.5,290
2018,10,29,12,0,35,4,0.5,292
2018,10,29,12,30,5,4,0.5,292
2018,10,29,13,0,6,4,0.5,293
2018,10,29,13,30,0,4,0.5,292
2018,10,29,14,0,52,4,0.4,292
2018,10,29,14,30,109,4,0.4,291
2018,10,29,15,0,65,4,0.4,290
2018,10,29,15,30,2,4,0.30000000000000004,288
2018,10,29,16,0,10,4,0.30000000000000004,286
2018,10,29,16,30,1,4,0.2,283
2018,10,29,17,0,2,4,0.1,280
2018,10,29,17,30,2,4,0.1,279
2018,10,29,18,0,0,4,0.1,277
2018,10,29,18,30,0,4,0.1,277
2018,10,29,19,0,0,4,0.1,276
2018,10,29,19,30,0,0,0.1,274
2018,10,29,20,0,0,0,0.1,272
2018,10,29,20,30,0,0,0.1,271
2018,10,29,21,0,0,0,0.1,270
2018,10,29,21,30,0,4,0.1,273
2018,10,29,22,0,0,4,0.1,275
2018,10,29,22,30,0,0,0.1,279
2018,10,29,23,0,0,0,0.1,284
2018,10,29,23,30,0,0,0.1,286
2018,10,30,0,0,0,0,0.1,288
2018,10,30,0,30,0,0,0.2,290
2018,10,30,1,0,0,0,0.30000000000000004,292
2018,10,30,1,30,0,0,0.4,293
2018,10,30,2,0,0,0,0.5,295
2018,10,30,2,30,0,0,0.6000000000000001,296
2018,10,30,3,0,0,0,0.6000000000000001,297
2018,10,30,3,30,0,3,0.6000000000000001,296
2018,10,30,4,0,0,3,0.6000000000000001,296
2018,10,30,4,30,0,3,0.6000000000000001,294
2018,10,30,5,0,0,0,0.6000000000000001,293
2018,10,30,5,30,0,4,0.5,282
2018,10,30,6,0,0,3,0.30000000000000004,272
2018,10,30,6,30,0,0,0.2,246
2018,10,30,7,0,82,0,0.1,220
2018,10,30,7,30,356,0,0.1,201
2018,10,30,8,0,388,0,0.1,181
2018,10,30,8,30,180,4,0.1,178
2018,10,30,9,0,208,4,0.1,175
2018,10,30,9,30,19,4,0.2,181
2018,10,30,10,0,19,4,0.2,188
2018,10,30,10,30,62,4,0.2,194
2018,10,30,11,0,336,3,0.2,200
2018,10,30,11,30,488,7,0.2,201
2018,10,30,12,0,277,7,0.2,202
2018,10,30,12,30,88,4,0.2,201
2018,10,30,13,0,67,4,0.2,201
2018,10,30,13,30,92,7,0.2,197
2018,10,30,14,0,66,4,0.2,194
2018,10,30,14,30,115,4,0.2,188
2018,10,30,15,0,6,4,0.2,181
2018,10,30,15,30,22,4,0.2,174
2018,10,30,16,0,1,4,0.1,166
2018,10,30,16,30,0,4,0.2,166
2018,10,30,17,0,17,4,0.2,166
2018,10,30,17,30,14,7,0.2,168
2018,10,30,18,0,0,7,0.2,170
2018,10,30,18,30,0,4,0.2,170
2018,10,30,19,0,0,7,0.2,174
2018,10,30,19,30,0,7,0.2,175
2018,10,30,20,0,0,7,0.2,175
2018,10,30,20,30,0,7,0.2,174
2018,10,30,21,0,0,7,0.2,174
2018,10,30,21,30,0,7,0.2,176
2018,10,30,22,0,0,7,0.2,178
2018,10,30,22,30,0,7,0.2,177
2018,10,30,23,0,0,7,0.2,177
2018,10,30,23,30,0,7,0.2,178
2018,10,31,0,0,0,7,0.2,180
2018,10,31,0,30,0,7,0.2,181
2018,10,31,1,0,0,7,0.2,182
2018,10,31,1,30,0,7,0.2,182
2018,10,31,2,0,0,4,0.2,181
2018,10,31,2,30,0,4,0.2,183
2018,10,31,3,0,0,4,0.30000000000000004,185
2018,10,31,3,30,0,7,0.30000000000000004,191
2018,10,31,4,0,0,7,0.30000000000000004,196
2018,10,31,4,30,0,8,0.30000000000000004,199
2018,10,31,5,0,0,7,0.30000000000000004,201
2018,10,31,5,30,0,7,0.30000000000000004,199
2018,10,31,6,0,0,4,0.30000000000000004,198
2018,10,31,6,30,0,4,0.30000000000000004,197
2018,10,31,7,0,37,3,0.30000000000000004,197
2018,10,31,7,30,27,4,0.30000000000000004,192
2018,10,31,8,0,223,0,0.4,187
2018,10,31,8,30,269,0,0.4,188
2018,10,31,9,0,11,4,0.4,189
2018,10,31,9,30,17,7,0.4,196
2018,10,31,10,0,0,6,0.5,204
2018,10,31,10,30,0,7,0.4,208
2018,10,31,11,0,0,7,0.4,212
2018,10,31,11,30,0,4,0.4,213
2018,10,31,12,0,0,4,0.4,213
2018,10,31,12,30,0,8,0.4,218
2018,10,31,13,0,0,8,0.4,222
2018,10,31,13,30,0,8,0.30000000000000004,225
2018,10,31,14,0,0,8,0.30000000000000004,228
2018,10,31,14,30,0,8,0.2,236
2018,10,31,15,0,0,7,0.2,243
2018,10,31,15,30,0,7,0.1,254
2018,10,31,16,0,0,7,0.1,265
2018,10,31,16,30,0,7,0.1,281
2018,10,31,17,0,0,7,0.1,297
2018,10,31,17,30,0,8,0.1,312
2018,10,31,18,0,0,7,0.1,328
2018,10,31,18,30,0,8,0.1,328
2018,10,31,19,0,0,7,0.2,349
2018,10,31,19,30,0,8,0.2,323
2018,10,31,20,0,0,8,0.2,296
2018,10,31,20,30,0,8,0.2,305
2018,10,31,21,0,0,8,0.30000000000000004,313
2018,10,31,21,30,0,8,0.30000000000000004,159
2018,10,31,22,0,0,8,0.30000000000000004,5
2018,10,31,22,30,0,8,0.30000000000000004,179
2018,10,31,23,0,0,4,0.4,354
2018,10,31,23,30,0,4,0.4,183
2018,11,1,0,0,0,4,0.4,11
2018,11,1,0,30,0,4,0.4,182
2018,11,1,1,0,0,8,0.4,353
2018,11,1,1,30,0,7,0.30000000000000004,343
2018,11,1,2,0,0,8,0.30000000000000004,333
2018,11,1,2,30,0,8,0.2,170
2018,11,1,3,0,0,6,0.1,7
2018,11,1,3,30,0,8,0.2,13
2018,11,1,4,0,0,7,0.2,18
2018,11,1,4,30,0,7,0.2,14
2018,11,1,5,0,0,8,0.30000000000000004,9
2018,11,1,5,30,0,8,0.30000000000000004,19
2018,11,1,6,0,0,7,0.30000000000000004,28
2018,11,1,6,30,0,6,0.30000000000000004,26
2018,11,1,7,0,3,7,0.30000000000000004,25
2018,11,1,7,30,0,4,0.30000000000000004,30
2018,11,1,8,0,0,7,0.30000000000000004,35
2018,11,1,8,30,0,7,0.30000000000000004,42
2018,11,1,9,0,0,7,0.30000000000000004,50
2018,11,1,9,30,0,7,0.30000000000000004,55
2018,11,1,10,0,0,6,0.30000000000000004,61
2018,11,1,10,30,0,6,0.30000000000000004,66
2018,11,1,11,0,0,6,0.30000000000000004,72
2018,11,1,11,30,0,6,0.30000000000000004,75
2018,11,1,12,0,0,6,0.30000000000000004,79
2018,11,1,12,30,0,6,0.30000000000000004,81
2018,11,1,13,0,0,6,0.30000000000000004,83
2018,11,1,13,30,0,6,0.30000000000000004,88
2018,11,1,14,0,0,6,0.30000000000000004,94
2018,11,1,14,30,0,6,0.30000000000000004,109
2018,11,1,15,0,0,6,0.2,125
2018,11,1,15,30,0,6,0.2,142
2018,11,1,16,0,0,6,0.2,160
2018,11,1,16,30,0,6,0.2,164
2018,11,1,17,0,0,6,0.2,168
2018,11,1,17,30,0,6,0.2,173
2018,11,1,18,0,0,6,0.2,178
2018,11,1,18,30,0,6,0.2,178
2018,11,1,19,0,0,6,0.2,174
2018,11,1,19,30,0,6,0.2,174
2018,11,1,20,0,0,6,0.2,175
2018,11,1,20,30,0,6,0.2,193
2018,11,1,21,0,0,9,0.30000000000000004,210
2018,11,1,21,30,0,6,0.30000000000000004,226
2018,11,1,22,0,0,6,0.30000000000000004,241
2018,11,1,22,30,0,6,0.2,248
2018,11,1,23,0,0,6,0.1,255
2018,11,1,23,30,0,6,0.1,248
2018,11,2,0,0,0,6,0.1,240
2018,11,2,0,30,0,6,0.2,236
2018,11,2,1,0,0,7,0.2,231
2018,11,2,1,30,0,7,0.30000000000000004,232
2018,11,2,2,0,0,7,0.30000000000000004,233
2018,11,2,2,30,0,7,0.30000000000000004,233
2018,11,2,3,0,0,7,0.4,233
2018,11,2,3,30,0,7,0.4,233
2018,11,2,4,0,0,7,0.4,233
2018,11,2,4,30,0,7,0.30000000000000004,233
2018,11,2,5,0,0,7,0.30000000000000004,233
2018,11,2,5,30,0,7,0.30000000000000004,235
2018,11,2,6,0,0,8,0.30000000000000004,237
2018,11,2,6,30,0,4,0.30000000000000004,240
2018,11,2,7,0,22,0,0.30000000000000004,244
2018,11,2,7,30,24,4,0.30000000000000004,247
2018,11,2,8,0,0,4,0.30000000000000004,251
2018,11,2,8,30,12,4,0.30000000000000004,254
2018,11,2,9,0,26,4,0.30000000000000004,256
2018,11,2,9,30,0,4,0.30000000000000004,260
2018,11,2,10,0,4,4,0.30000000000000004,263
2018,11,2,10,30,1,4,0.30000000000000004,265
2018,11,2,11,0,1,4,0.30000000000000004,266
2018,11,2,11,30,0,4,0.30000000000000004,270
2018,11,2,12,0,0,4,0.30000000000000004,273
2018,11,2,12,30,0,4,0.30000000000000004,279
2018,11,2,13,0,0,4,0.30000000000000004,285
2018,11,2,13,30,1,4,0.30000000000000004,283
2018,11,2,14,0,1,7,0.30000000000000004,280
2018,11,2,14,30,1,7,0.30000000000000004,286
2018,11,2,15,0,8,4,0.2,293
2018,11,2,15,30,4,4,0.2,300
2018,11,2,16,0,0,4,0.2,307
2018,11,2,16,30,0,4,0.2,309
2018,11,2,17,0,0,4,0.1,312
2018,11,2,17,30,0,4,0.1,314
2018,11,2,18,0,0,4,0.1,316
2018,11,2,18,30,0,4,0.1,316
2018,11,2,19,0,0,4,0.1,320
2018,11,2,19,30,0,4,0.1,322
2018,11,2,20,0,0,4,0.1,324
2018,11,2,20,30,0,4,0.1,321
2018,11,2,21,0,0,4,0.1,318
2018,11,2,21,30,0,4,0.1,312
2018,11,2,22,0,0,4,0.1,307
2018,11,2,22,30,0,4,0.1,303
2018,11,2,23,0,0,4,0.1,300
2018,11,2,23,30,0,4,0.1,297
2018,11,3,0,0,0,4,0.1,295
2018,11,3,0,30,0,4,0.1,292
2018,11,3,1,0,0,4,0.1,289
2018,11,3,1,30,0,4,0.1,287
2018,11,3,2,0,0,4,0.2,285
2018,11,3,2,30,0,4,0.2,286
2018,11,3,3,0,0,4,0.2,287
2018,11,3,3,30,0,7,0.2,289
2018,11,3,4,0,0,7,0.2,291
2018,11,3,4,30,0,8,0.2,292
2018,11,3,5,0,0,8,0.2,293
2018,11,3,5,30,0,7,0.2,289
2018,11,3,6,0,0,7,0.2,285
2018,11,3,6,30,0,4,0.30000000000000004,281
2018,11,3,7,0,7,4,0.30000000000000004,277
2018,11,3,7,30,88,4,0.30000000000000004,275
2018,11,3,8,0,348,0,0.30000000000000004,274
2018,11,3,8,30,165,4,0.30000000000000004,274
2018,11,3,9,0,490,0,0.4,274
2018,11,3,9,30,671,0,0.4,276
2018,11,3,10,0,644,0,0.4,278
2018,11,3,10,30,534,0,0.4,278
2018,11,3,11,0,521,0,0.4,279
2018,11,3,11,30,611,0,0.4,279
2018,11,3,12,0,911,0,0.4,279
2018,11,3,12,30,912,0,0.4,278
2018,11,3,13,0,818,0,0.4,278
2018,11,3,13,30,385,2,0.4,278
2018,11,3,14,0,515,2,0.4,278
2018,11,3,14,30,307,2,0.4,278
2018,11,3,15,0,146,4,0.4,279
2018,11,3,15,30,104,4,0.30000000000000004,279
2018,11,3,16,0,484,0,0.2,280
2018,11,3,16,30,499,0,0.30000000000000004,278
2018,11,3,17,0,262,0,0.30000000000000004,277
2018,11,3,17,30,0,0,0.4,278
2018,11,3,18,0,0,0,0.5,280
2018,11,3,18,30,0,0,0.5,280
2018,11,3,19,0,0,0,0.7000000000000001,290
2018,11,3,19,30,0,0,0.7000000000000001,295
2018,11,3,20,0,0,0,0.7000000000000001,300
2018,11,3,20,30,0,0,0.4,198
2018,11,3,21,0,0,0,0.1,97
2018,11,3,21,30,0,0,0.4,118
2018,11,3,22,0,0,4,0.8,138
2018,11,3,22,30,0,7,0.6000000000000001,141
2018,11,3,23,0,0,7,0.4,144
2018,11,3,23,30,0,7,0.30000000000000004,146
2018,11,4,0,0,0,7,0.1,147
2018,11,4,0,30,0,7,0.1,152
2018,11,4,1,0,0,7,0.1,156
2018,11,4,1,30,0,7,0.1,158
2018,11,4,2,0,0,7,0.1,159
2018,11,4,2,30,0,7,0.1,157
2018,11,4,3,0,0,7,0.1,154
2018,11,4,3,30,0,7,0.1,147
2018,11,4,4,0,0,7,0.1,139
2018,11,4,4,30,0,7,0.1,133
2018,11,4,5,0,0,7,0.1,126
2018,11,4,5,30,0,7,0.1,122
2018,11,4,6,0,0,7,0.1,118
2018,11,4,6,30,0,7,0.1,115
2018,11,4,7,0,22,7,0.2,111
2018,11,4,7,30,2,7,0.2,111
2018,11,4,8,0,19,7,0.2,111
2018,11,4,8,30,36,7,0.30000000000000004,112
2018,11,4,9,0,169,7,0.30000000000000004,113
2018,11,4,9,30,474,7,0.30000000000000004,119
2018,11,4,10,0,416,7,0.4,126
2018,11,4,10,30,339,7,0.4,129
2018,11,4,11,0,381,7,0.4,133
2018,11,4,11,30,467,7,0.4,133
2018,11,4,12,0,798,0,0.4,134
2018,11,4,12,30,926,0,0.4,133
2018,11,4,13,0,921,0,0.4,133
2018,11,4,13,30,905,0,0.4,131
2018,11,4,14,0,848,0,0.4,130
2018,11,4,14,30,588,7,0.30000000000000004,127
2018,11,4,15,0,459,7,0.30000000000000004,123
2018,11,4,15,30,441,7,0.30000000000000004,120
2018,11,4,16,0,387,7,0.2,116
2018,11,4,16,30,250,7,0.2,116
2018,11,4,17,0,50,4,0.1,116
2018,11,4,17,30,0,7,0.2,118
2018,11,4,18,0,0,7,0.2,120
2018,11,4,18,30,0,7,0.2,120
2018,11,4,19,0,0,7,0.2,127
2018,11,4,19,30,0,7,0.2,131
2018,11,4,20,0,0,7,0.2,134
2018,11,4,20,30,0,6,0.2,138
2018,11,4,21,0,0,6,0.2,143
2018,11,4,21,30,0,6,0.2,147
2018,11,4,22,0,0,6,0.2,152
2018,11,4,22,30,0,6,0.2,156
2018,11,4,23,0,0,7,0.2,159
2018,11,4,23,30,0,6,0.2,162
2018,11,5,0,0,0,9,0.30000000000000004,164
2018,11,5,0,30,0,9,0.30000000000000004,167
2018,11,5,1,0,0,9,0.30000000000000004,170
2018,11,5,1,30,0,9,0.30000000000000004,171
2018,11,5,2,0,0,6,0.30000000000000004,172
2018,11,5,2,30,0,6,0.30000000000000004,173
2018,11,5,3,0,0,7,0.30000000000000004,174
2018,11,5,3,30,0,4,0.30000000000000004,175
2018,11,5,4,0,0,4,0.30000000000000004,177
2018,11,5,4,30,0,4,0.30000000000000004,179
2018,11,5,5,0,0,4,0.2,181
2018,11,5,5,30,0,4,0.2,181
2018,11,5,6,0,0,3,0.2,182
2018,11,5,6,30,0,3,0.2,180
2018,11,5,7,0,16,4,0.2,178
2018,11,5,7,30,0,4,0.2,174
2018,11,5,8,0,0,4,0.2,170
2018,11,5,8,30,8,3,0.30000000000000004,170
2018,11,5,9,0,26,4,0.30000000000000004,170
2018,11,5,9,30,9,4,0.30000000000000004,174
2018,11,5,10,0,8,4,0.30000000000000004,177
2018,11,5,10,30,68,7,0.30000000000000004,180
2018,11,5,11,0,2,7,0.30000000000000004,183
2018,11,5,11,30,24,7,0.30000000000000004,188
2018,11,5,12,0,21,7,0.30000000000000004,193
2018,11,5,12,30,59,7,0.30000000000000004,195
2018,11,5,13,0,87,7,0.30000000000000004,198
2018,11,5,13,30,73,8,0.30000000000000004,195
2018,11,5,14,0,192,7,0.2,191
2018,11,5,14,30,8,7,0.2,191
2018,11,5,15,0,172,7,0.1,191
2018,11,5,15,30,332,7,0.1,191
2018,11,5,16,0,229,7,0.1,191
2018,11,5,16,30,153,7,0.1,185
2018,11,5,17,0,43,3,0.1,179
2018,11,5,17,30,0,7,0.1,168
2018,11,5,18,0,0,7,0.1,157
2018,11,5,18,30,0,7,0.1,157
2018,11,5,19,0,0,7,0.1,145
2018,11,5,19,30,0,6,0.1,144
2018,11,5,20,0,0,6,0.1,143
2018,11,5,20,30,0,6,0.1,139
2018,11,5,21,0,0,7,0.2,136
2018,11,5,21,30,0,6,0.2,136
2018,11,5,22,0,0,6,0.2,135
2018,11,5,22,30,0,7,0.2,135
2018,11,5,23,0,0,7,0.2,135
2018,11,5,23,30,0,7,0.2,128
2018,11,6,0,0,0,6,0.2,121
2018,11,6,0,30,0,6,0.30000000000000004,122
2018,11,6,1,0,0,6,0.30000000000000004,123
2018,11,6,1,30,0,9,0.4,132
2018,11,6,2,0,0,9,0.5,141
2018,11,6,2,30,0,9,0.4,150
2018,11,6,3,0,0,9,0.4,160
2018,11,6,3,30,0,9,0.4,170
2018,11,6,4,0,0,9,0.4,180
2018,11,6,4,30,0,6,0.30000000000000004,191
2018,11,6,5,0,0,6,0.30000000000000004,202
2018,11,6,5,30,0,7,0.30000000000000004,203
2018,11,6,6,0,0,6,0.30000000000000004,204
2018,11,6,6,30,0,6,0.30000000000000004,198
2018,11,6,7,0,18,4,0.30000000000000004,193
2018,11,6,7,30,0,4,0.30000000000000004,197
2018,11,6,8,0,4,3,0.4,201
2018,11,6,8,30,9,3,0.4,208
2018,11,6,9,0,70,3,0.5,214
2018,11,6,9,30,326,3,0.5,219
2018,11,6,10,0,317,3,0.6000000000000001,224
2018,11,6,10,30,382,3,0.6000000000000001,228
2018,11,6,11,0,888,0,0.7000000000000001,232
2018,11,6,11,30,899,0,0.7000000000000001,233
2018,11,6,12,0,770,0,0.6000000000000001,234
2018,11,6,12,30,596,0,0.6000000000000001,234
2018,11,6,13,0,340,3,0.6000000000000001,234
2018,11,6,13,30,629,0,0.6000000000000001,234
2018,11,6,14,0,252,3,0.6000000000000001,235
2018,11,6,14,30,81,3,0.6000000000000001,236
2018,11,6,15,0,46,3,0.6000000000000001,238
2018,11,6,15,30,40,3,0.6000000000000001,241
2018,11,6,16,0,99,3,0.5,244
2018,11,6,16,30,167,3,0.5,246
2018,11,6,17,0,12,3,0.4,248
2018,11,6,17,30,0,0,0.4,250
2018,11,6,18,0,0,0,0.30000000000000004,252
2018,11,6,18,30,0,0,0.30000000000000004,252
2018,11,6,19,0,0,0,0.30000000000000004,254
2018,11,6,19,30,0,0,0.30000000000000004,255
2018,11,6,20,0,0,0,0.30000000000000004,255
2018,11,6,20,30,0,0,0.30000000000000004,255
2018,11,6,21,0,0,0,0.2,255
2018,11,6,21,30,0,0,0.2,253
2018,11,6,22,0,0,0,0.2,251
2018,11,6,22,30,0,0,0.2,251
2018,11,6,23,0,0,0,0.2,250
2018,11,6,23,30,0,0,0.2,252
2018,11,7,0,0,0,0,0.2,253
2018,11,7,0,30,0,0,0.2,254
2018,11,7,1,0,0,0,0.2,254
2018,11,7,1,30,0,0,0.1,252
2018,11,7,2,0,0,0,0.1,249
2018,11,7,2,30,0,0,0.1,248
2018,11,7,3,0,0,0,0.1,246
2018,11,7,3,30,0,0,0.1,247
2018,11,7,4,0,0,3,0.1,247
2018,11,7,4,30,0,3,0.1,246
2018,11,7,5,0,0,0,0.1,246
2018,11,7,5,30,0,0,0.1,244
2018,11,7,6,0,0,0,0.1,241
2018,11,7,6,30,0,0,0.1,239
2018,11,7,7,0,27,0,0.2,236
2018,11,7,7,30,288,0,0.2,234
2018,11,7,8,0,571,0,0.30000000000000004,233
2018,11,7,8,30,701,0,0.4,237
2018,11,7,9,0,486,7,0.4,242
2018,11,7,9,30,486,0,0.4,243
2018,11,7,10,0,533,7,0.5,245
2018,11,7,10,30,249,4,0.5,246
2018,11,7,11,0,202,4,0.5,247
2018,11,7,11,30,164,4,0.5,248
2018,11,7,12,0,414,4,0.5,249
2018,11,7,12,30,747,0,0.5,251
2018,11,7,13,0,929,0,0.5,253
2018,11,7,13,30,912,0,0.5,256
2018,11,7,14,0,887,0,0.5,258
2018,11,7,14,30,855,0,0.5,260
2018,11,7,15,0,808,0,0.4,262
2018,11,7,15,30,743,0,0.4,264
2018,11,7,16,0,643,0,0.30000000000000004,265
2018,11,7,16,30,487,0,0.2,269
2018,11,7,17,0,197,0,0.2,273
2018,11,7,17,30,0,0,0.1,279
2018,11,7,18,0,0,0,0.1,285
2018,11,7,18,30,0,0,0.1,285
2018,11,7,19,0,0,0,0.1,296
2018,11,7,19,30,0,0,0.1,301
2018,11,7,20,0,0,0,0.1,305
2018,11,7,20,30,0,0,0.1,308
2018,11,7,21,0,0,0,0.1,311
2018,11,7,21,30,0,0,0.1,313
2018,11,7,22,0,0,0,0.1,315
2018,11,7,22,30,0,0,0.1,316
2018,11,7,23,0,0,0,0.1,317
2018,11,7,23,30,0,0,0.1,317
2018,11,8,0,0,0,0,0.1,317
2018,11,8,0,30,0,0,0.1,317
2018,11,8,1,0,0,0,0.1,316
2018,11,8,1,30,0,0,0.1,316
2018,11,8,2,0,0,0,0.1,316
2018,11,8,2,30,0,7,0.1,317
2018,11,8,3,0,0,0,0.1,317
2018,11,8,3,30,0,0,0.1,311
2018,11,8,4,0,0,0,0.1,304
2018,11,8,4,30,0,0,0.1,302
2018,11,8,5,0,0,0,0.1,299
2018,11,8,5,30,0,0,0.1,295
2018,11,8,6,0,0,0,0.1,291
2018,11,8,6,30,0,0,0.1,282
2018,11,8,7,0,19,0,0.1,273
2018,11,8,7,30,283,0,0.1,279
2018,11,8,8,0,498,0,0.2,285
2018,11,8,8,30,588,0,0.2,299
2018,11,8,9,0,598,0,0.2,313
2018,11,8,9,30,723,0,0.2,321
2018,11,8,10,0,841,0,0.2,330
2018,11,8,10,30,620,4,0.2,330
2018,11,8,11,0,416,4,0.2,331
2018,11,8,11,30,320,4,0.2,330
2018,11,8,12,0,302,4,0.2,328
2018,11,8,12,30,159,4,0.2,329
2018,11,8,13,0,74,4,0.2,330
2018,11,8,13,30,58,7,0.2,333
2018,11,8,14,0,75,7,0.2,335
2018,11,8,14,30,230,4,0.2,339
2018,11,8,15,0,280,4,0.2,342
2018,11,8,15,30,110,4,0.2,346
2018,11,8,16,0,178,7,0.1,350
2018,11,8,16,30,71,4,0.1,355
2018,11,8,17,0,46,7,0.1,359
2018,11,8,17,30,0,7,0.1,186
2018,11,8,18,0,0,0,0.1,14
2018,11,8,18,30,0,0,0.1,14
2018,11,8,19,0,0,7,0.1,30
2018,11,8,19,30,0,7,0.1,39
2018,11,8,20,0,0,7,0.1,47
2018,11,8,20,30,0,4,0.1,52
2018,11,8,21,0,0,7,0.1,58
2018,11,8,21,30,0,7,0.1,62
2018,11,8,22,0,0,7,0.1,66
2018,11,8,22,30,0,7,0.1,68
2018,11,8,23,0,0,4,0.1,70
2018,11,8,23,30,0,4,0.1,69
2018,11,9,0,0,0,7,0.2,68
2018,11,9,0,30,0,7,0.2,69
2018,11,9,1,0,0,7,0.2,70
2018,11,9,1,30,0,7,0.2,71
2018,11,9,2,0,0,7,0.2,71
2018,11,9,2,30,0,7,0.2,72
2018,11,9,3,0,0,7,0.2,73
2018,11,9,3,30,0,7,0.30000000000000004,73
2018,11,9,4,0,0,7,0.30000000000000004,73
2018,11,9,4,30,0,7,0.30000000000000004,76
2018,11,9,5,0,0,7,0.30000000000000004,79
2018,11,9,5,30,0,7,0.30000000000000004,82
2018,11,9,6,0,0,7,0.30000000000000004,84
2018,11,9,6,30,0,7,0.30000000000000004,87
2018,11,9,7,0,5,7,0.30000000000000004,90
2018,11,9,7,30,5,7,0.30000000000000004,95
2018,11,9,8,0,0,6,0.2,99
2018,11,9,8,30,0,6,0.2,111
2018,11,9,9,0,0,6,0.2,123
2018,11,9,9,30,0,9,0.30000000000000004,134
2018,11,9,10,0,0,9,0.30000000000000004,145
2018,11,9,10,30,0,9,0.30000000000000004,155
2018,11,9,11,0,0,6,0.30000000000000004,164
2018,11,9,11,30,0,6,0.30000000000000004,174
2018,11,9,12,0,0,9,0.30000000000000004,184
2018,11,9,12,30,0,6,0.30000000000000004,198
2018,11,9,13,0,0,6,0.30000000000000004,212
2018,11,9,13,30,0,7,0.30000000000000004,225
2018,11,9,14,0,0,7,0.30000000000000004,238
2018,11,9,14,30,0,7,0.30000000000000004,247
2018,11,9,15,0,0,7,0.30000000000000004,256
2018,11,9,15,30,13,7,0.30000000000000004,259
2018,11,9,16,0,22,7,0.30000000000000004,262
2018,11,9,16,30,39,4,0.2,261
2018,11,9,17,0,7,4,0.2,260
2018,11,9,17,30,0,4,0.2,258
2018,11,9,18,0,0,4,0.2,255
2018,11,9,18,30,0,4,0.2,255
2018,11,9,19,0,0,4,0.2,253
2018,11,9,19,30,0,4,0.2,254
2018,11,9,20,0,0,4,0.2,256
2018,11,9,20,30,0,4,0.30000000000000004,260
2018,11,9,21,0,0,4,0.30000000000000004,264
2018,11,9,21,30,0,4,0.4,265
2018,11,9,22,0,0,4,0.4,266
2018,11,9,22,30,0,4,0.4,265
2018,11,9,23,0,0,4,0.4,264
2018,11,9,23,30,0,4,0.4,264
2018,11,10,0,0,0,4,0.4,263
2018,11,10,0,30,0,4,0.4,263
2018,11,10,1,0,0,4,0.4,263
2018,11,10,1,30,0,4,0.4,262
2018,11,10,2,0,0,4,0.4,261
2018,11,10,2,30,0,0,0.4,260
2018,11,10,3,0,0,4,0.4,259
2018,11,10,3,30,0,4,0.4,259
2018,11,10,4,0,0,4,0.4,259
2018,11,10,4,30,0,0,0.4,260
2018,11,10,5,0,0,0,0.4,261
2018,11,10,5,30,0,0,0.5,263
2018,11,10,6,0,0,0,0.5,265
2018,11,10,6,30,0,4,0.5,265
2018,11,10,7,0,25,4,0.5,264
2018,11,10,7,30,52,4,0.5,262
2018,11,10,8,0,366,0,0.5,259
2018,11,10,8,30,713,0,0.5,258
2018,11,10,9,0,793,0,0.5,257
2018,11,10,9,30,846,0,0.5,257
2018,11,10,10,0,876,0,0.5,258
2018,11,10,10,30,483,4,0.5,259
2018,11,10,11,0,630,4,0.5,260
2018,11,10,11,30,317,4,0.5,261
2018,11,10,12,0,144,4,0.5,262
2018,11,10,12,30,10,4,0.5,263
2018,11,10,13,0,114,4,0.5,264
2018,11,10,13,30,139,4,0.5,266
2018,11,10,14,0,65,4,0.5,267
2018,11,10,14,30,15,4,0.4,269
2018,11,10,15,0,0,4,0.4,270
2018,11,10,15,30,0,4,0.4,270
2018,11,10,16,0,0,4,0.30000000000000004,269
2018,11,10,16,30,0,4,0.2,267
2018,11,10,17,0,0,4,0.2,264
2018,11,10,17,30,0,4,0.2,263
2018,11,10,18,0,0,4,0.2,262
2018,11,10,18,30,0,4,0.2,262
2018,11,10,19,0,0,4,0.2,269
2018,11,10,19,30,0,4,0.30000000000000004,273
2018,11,10,20,0,0,4,0.30000000000000004,276
2018,11,10,20,30,0,4,0.30000000000000004,271
2018,11,10,21,0,0,4,0.30000000000000004,265
2018,11,10,21,30,0,4,0.30000000000000004,259
2018,11,10,22,0,0,4,0.30000000000000004,254
2018,11,10,22,30,0,4,0.30000000000000004,253
2018,11,10,23,0,0,4,0.30000000000000004,251
2018,11,10,23,30,0,4,0.30000000000000004,252
2018,11,11,0,0,0,4,0.30000000000000004,253
2018,11,11,0,30,0,4,0.30000000000000004,256
2018,11,11,1,0,0,4,0.30000000000000004,259
2018,11,11,1,30,0,4,0.30000000000000004,263
2018,11,11,2,0,0,4,0.30000000000000004,268
2018,11,11,2,30,0,4,0.30000000000000004,273
2018,11,11,3,0,0,4,0.30000000000000004,278
2018,11,11,3,30,0,4,0.30000000000000004,283
2018,11,11,4,0,0,4,0.30000000000000004,288
2018,11,11,4,30,0,4,0.30000000000000004,290
2018,11,11,5,0,0,0,0.30000000000000004,293
2018,11,11,5,30,0,0,0.30000000000000004,283
2018,11,11,6,0,0,0,0.2,274
2018,11,11,6,30,0,0,0.2,230
2018,11,11,7,0,0,0,0.2,185
2018,11,11,7,30,243,0,0.2,185
2018,11,11,8,0,493,0,0.2,185
2018,11,11,8,30,637,0,0.2,185
2018,11,11,9,0,728,0,0.2,184
2018,11,11,9,30,795,0,0.2,184
2018,11,11,10,0,850,0,0.30000000000000004,184
2018,11,11,10,30,876,0,0.30000000000000004,186
2018,11,11,11,0,892,0,0.30000000000000004,187
2018,11,11,11,30,902,0,0.30000000000000004,190
2018,11,11,12,0,906,0,0.30000000000000004,193
2018,11,11,12,30,908,0,0.30000000000000004,197
2018,11,11,13,0,905,0,0.30000000000000004,200
2018,11,11,13,30,891,0,0.2,202
2018,11,11,14,0,869,0,0.2,204
2018,11,11,14,30,838,0,0.2,204
2018,11,11,15,0,793,0,0.2,204
2018,11,11,15,30,727,0,0.30000000000000004,201
2018,11,11,16,0,630,0,0.5,198
2018,11,11,16,30,469,0,0.8,200
2018,11,11,17,0,158,0,1.1,202
2018,11,11,17,30,0,0,1.1,205
2018,11,11,18,0,0,0,1.1,209
2018,11,11,18,30,0,0,1.1,209
2018,11,11,19,0,0,0,1.1,216
2018,11,11,19,30,0,0,1.0,218
2018,11,11,20,0,0,0,1.0,220
2018,11,11,20,30,0,0,1.0,220
2018,11,11,21,0,0,0,0.9,221
2018,11,11,21,30,0,0,0.9,220
2018,11,11,22,0,0,0,0.9,219
2018,11,11,22,30,0,0,0.8,213
2018,11,11,23,0,0,7,0.8,208
2018,11,11,23,30,0,4,0.7000000000000001,199
2018,11,12,0,0,0,4,0.7000000000000001,191
2018,11,12,0,30,0,0,0.7000000000000001,183
2018,11,12,1,0,0,0,0.7000000000000001,175
2018,11,12,1,30,0,0,0.7000000000000001,171
2018,11,12,2,0,0,0,0.7000000000000001,167
2018,11,12,2,30,0,0,0.7000000000000001,167
2018,11,12,3,0,0,0,0.8,168
2018,11,12,3,30,0,0,0.7000000000000001,170
2018,11,12,4,0,0,0,0.7000000000000001,172
2018,11,12,4,30,0,4,0.7000000000000001,164
2018,11,12,5,0,0,4,0.7000000000000001,156
2018,11,12,5,30,0,7,0.7000000000000001,148
2018,11,12,6,0,0,7,0.7000000000000001,140
2018,11,12,6,30,0,7,0.7000000000000001,143
2018,11,12,7,0,0,7,0.6000000000000001,146
2018,11,12,7,30,32,4,0.4,146
2018,11,12,8,0,173,7,0.1,145
2018,11,12,8,30,247,7,0.1,134
2018,11,12,9,0,351,7,0.1,123
2018,11,12,9,30,424,7,0.1,114
2018,11,12,10,0,376,7,0.1,105
2018,11,12,10,30,192,7,0.1,107
2018,11,12,11,0,9,6,0.1,109
2018,11,12,11,30,0,6,0.1,148
2018,11,12,12,0,0,6,0.0,187
2018,11,12,12,30,0,6,0.1,226
2018,11,12,13,0,0,6,0.1,264
2018,11,12,13,30,0,6,0.1,311
2018,11,12,14,0,0,6,0.2,357
2018,11,12,14,30,0,6,0.30000000000000004,198
2018,11,12,15,0,0,6,0.5,38
2018,11,12,15,30,0,6,0.6000000000000001,52
2018,11,12,16,0,0,6,0.7000000000000001,66
2018,11,12,16,30,0,6,0.6000000000000001,70
2018,11,12,17,0,5,6,0.6000000000000001,75
2018,11,12,17,30,0,6,0.5,77
2018,11,12,18,0,0,6,0.30000000000000004,80
2018,11,12,18,30,0,7,0.30000000000000004,80
2018,11,12,19,0,0,7,0.4,95
2018,11,12,19,30,0,4,0.4,105
2018,11,12,20,0,0,7,0.4,115
2018,11,12,20,30,0,7,0.5,124
2018,11,12,21,0,0,7,0.5,133
2018,11,12,21,30,0,6,0.4,134
2018,11,12,22,0,0,6,0.30000000000000004,135
2018,11,12,22,30,0,6,0.4,139
2018,11,12,23,0,0,7,0.5,144
2018,11,12,23,30,0,7,0.30000000000000004,143
2018,11,13,0,0,0,7,0.2,143
2018,11,13,0,30,0,7,0.30000000000000004,245
2018,11,13,1,0,0,7,0.4,346
2018,11,13,1,30,0,7,0.30000000000000004,346
2018,11,13,2,0,0,7,0.2,345
2018,11,13,2,30,0,7,0.1,349
2018,11,13,3,0,0,7,0.1,353
2018,11,13,3,30,0,7,0.1,351
2018,11,13,4,0,0,7,0.1,349
2018,11,13,4,30,0,7,0.1,344
2018,11,13,5,0,0,7,0.1,340
2018,11,13,5,30,0,7,0.1,336
2018,11,13,6,0,0,7,0.1,332
2018,11,13,6,30,0,4,0.1,329
2018,11,13,7,0,0,4,0.1,327
2018,11,13,7,30,15,4,0.2,322
2018,11,13,8,0,1,4,0.2,317
2018,11,13,8,30,13,4,0.2,312
2018,11,13,9,0,6,4,0.2,307
2018,11,13,9,30,5,4,0.30000000000000004,309
2018,11,13,10,0,0,8,0.30000000000000004,310
2018,11,13,10,30,0,4,0.30000000000000004,311
2018,11,13,11,0,0,8,0.4,311
2018,11,13,11,30,0,8,0.4,310
2018,11,13,12,0,0,7,0.4,309
2018,11,13,12,30,0,7,0.4,309
2018,11,13,13,0,0,6,0.4,308
2018,11,13,13,30,0,7,0.4,307
2018,11,13,14,0,0,7,0.4,306
2018,11,13,14,30,0,7,0.4,306
2018,11,13,15,0,1,7,0.4,306
2018,11,13,15,30,0,7,0.30000000000000004,306
2018,11,13,16,0,0,6,0.30000000000000004,307
2018,11,13,16,30,0,6,0.2,306
2018,11,13,17,0,20,7,0.2,306
2018,11,13,17,30,0,7,0.2,304
2018,11,13,18,0,0,7,0.2,303
2018,11,13,18,30,0,7,0.2,303
2018,11,13,19,0,0,7,0.2,298
2018,11,13,19,30,0,7,0.2,295
2018,11,13,20,0,0,7,0.2,292
2018,11,13,20,30,0,6,0.2,293
2018,11,13,21,0,0,6,0.2,294
2018,11,13,21,30,0,6,0.2,295
2018,11,13,22,0,0,6,0.2,296
2018,11,13,22,30,0,6,0.2,297
2018,11,13,23,0,0,7,0.2,298
2018,11,13,23,30,0,7,0.2,298
2018,11,14,0,0,0,7,0.2,298
2018,11,14,0,30,0,7,0.2,299
2018,11,14,1,0,0,7,0.2,299
2018,11,14,1,30,0,7,0.2,300
2018,11,14,2,0,0,7,0.2,301
2018,11,14,2,30,0,7,0.2,301
2018,11,14,3,0,0,7,0.2,301
2018,11,14,3,30,0,7,0.2,302
2018,11,14,4,0,0,7,0.2,303
2018,11,14,4,30,0,7,0.2,303
2018,11,14,5,0,0,7,0.2,303
2018,11,14,5,30,0,7,0.2,302
2018,11,14,6,0,0,7,0.2,302
2018,11,14,6,30,0,7,0.2,302
2018,11,14,7,0,0,7,0.2,302
2018,11,14,7,30,30,4,0.2,313
2018,11,14,8,0,16,7,0.2,324
2018,11,14,8,30,54,7,0.2,332
2018,11,14,9,0,207,7,0.30000000000000004,339
2018,11,14,9,30,279,7,0.30000000000000004,342
2018,11,14,10,0,256,7,0.30000000000000004,344
2018,11,14,10,30,349,7,0.30000000000000004,347
2018,11,14,11,0,162,7,0.2,349
2018,11,14,11,30,188,7,0.2,350
2018,11,14,12,0,120,6,0.2,352
2018,11,14,12,30,47,6,0.2,353
2018,11,14,13,0,157,6,0.2,353
2018,11,14,13,30,108,6,0.2,178
2018,11,14,14,0,132,6,0.2,2
2018,11,14,14,30,55,6,0.2,11
2018,11,14,15,0,27,6,0.2,20
2018,11,14,15,30,7,6,0.1,26
2018,11,14,16,0,0,6,0.1,32
2018,11,14,16,30,0,6,0.1,33
2018,11,14,17,0,28,6,0.1,35
2018,11,14,17,30,0,6,0.1,38
2018,11,14,18,0,0,6,0.2,41
2018,11,14,18,30,0,6,0.2,41
2018,11,14,19,0,0,6,0.2,51
2018,11,14,19,30,0,6,0.2,58
2018,11,14,20,0,0,6,0.2,65
2018,11,14,20,30,0,6,0.2,72
2018,11,14,21,0,0,6,0.2,78
2018,11,14,21,30,0,6,0.2,78
2018,11,14,22,0,0,6,0.2,77
2018,11,14,22,30,0,6,0.2,73
2018,11,14,23,0,0,6,0.2,69
2018,11,14,23,30,0,6,0.2,70
2018,11,15,0,0,0,6,0.2,71
2018,11,15,0,30,0,6,0.2,74
2018,11,15,1,0,0,6,0.2,76
2018,11,15,1,30,0,6,0.2,77
2018,11,15,2,0,0,6,0.2,78
2018,11,15,2,30,0,6,0.2,79
2018,11,15,3,0,0,6,0.30000000000000004,80
2018,11,15,3,30,0,6,0.30000000000000004,81
2018,11,15,4,0,0,6,0.30000000000000004,82
2018,11,15,4,30,0,6,0.2,84
2018,11,15,5,0,0,6,0.2,86
2018,11,15,5,30,0,6,0.2,92
2018,11,15,6,0,0,9,0.2,98
2018,11,15,6,30,0,9,0.2,102
2018,11,15,7,0,0,6,0.2,105
2018,11,15,7,30,0,6,0.30000000000000004,105
2018,11,15,8,0,0,6,0.30000000000000004,106
2018,11,15,8,30,0,6,0.30000000000000004,106
2018,11,15,9,0,0,6,0.30000000000000004,106
2018,11,15,9,30,0,6,0.30000000000000004,110
2018,11,15,10,0,0,6,0.30000000000000004,114
2018,11,15,10,30,0,6,0.30000000000000004,113
2018,11,15,11,0,0,6,0.30000000000000004,112
2018,11,15,11,30,0,6,0.30000000000000004,112
2018,11,15,12,0,0,6,0.30000000000000004,113
2018,11,15,12,30,0,6,0.30000000000000004,113
2018,11,15,13,0,0,7,0.30000000000000004,114
2018,11,15,13,30,0,7,0.30000000000000004,114
2018,11,15,14,0,0,4,0.30000000000000004,114
2018,11,15,14,30,0,4,0.30000000000000004,114
2018,11,15,15,0,0,4,0.30000000000000004,113
2018,11,15,15,30,0,4,0.2,112
2018,11,15,16,0,0,4,0.2,112
2018,11,15,16,30,0,4,0.2,114
2018,11,15,17,0,0,4,0.1,116
2018,11,15,17,30,0,4,0.1,116
2018,11,15,18,0,0,4,0.1,115
2018,11,15,18,30,0,4,0.1,115
2018,11,15,19,0,0,4,0.1,114
2018,11,15,19,30,0,4,0.1,108
2018,11,15,20,0,0,8,0.1,102
2018,11,15,20,30,0,7,0.2,87
2018,11,15,21,0,0,7,0.4,73
2018,11,15,21,30,0,7,0.4,47
2018,11,15,22,0,0,7,0.4,21
2018,11,15,22,30,0,7,0.5,164
2018,11,15,23,0,0,7,0.5,307
2018,11,15,23,30,0,7,0.30000000000000004,295
2018,11,16,0,0,0,7,0.2,284
2018,11,16,0,30,0,7,0.2,277
2018,11,16,1,0,0,7,0.2,270
2018,11,16,1,30,0,4,0.2,265
2018,11,16,2,0,0,4,0.2,260
2018,11,16,2,30,0,4,0.2,260
2018,11,16,3,0,0,4,0.2,261
2018,11,16,3,30,0,4,0.2,259
2018,11,16,4,0,0,4,0.2,257
2018,11,16,4,30,0,4,0.2,252
2018,11,16,5,0,0,4,0.2,246
2018,11,16,5,30,0,4,0.2,242
2018,11,16,6,0,0,4,0.30000000000000004,237
2018,11,16,6,30,0,4,0.30000000000000004,232
2018,11,16,7,0,0,4,0.30000000000000004,228
2018,11,16,7,30,20,4,0.30000000000000004,226
2018,11,16,8,0,39,4,0.4,223
2018,11,16,8,30,57,4,0.4,224
2018,11,16,9,0,2,4,0.4,224
2018,11,16,9,30,25,4,0.4,226
2018,11,16,10,0,61,4,0.5,227
2018,11,16,10,30,1,4,0.5,227
2018,11,16,11,0,0,4,0.5,226
2018,11,16,11,30,0,4,0.5,227
2018,11,16,12,0,0,4,0.5,227
2018,11,16,12,30,0,4,0.4,229
2018,11,16,13,0,0,4,0.4,230
2018,11,16,13,30,0,4,0.4,232
2018,11,16,14,0,0,4,0.4,235
2018,11,16,14,30,0,4,0.4,238
2018,11,16,15,0,0,4,0.4,242
2018,11,16,15,30,0,4,0.30000000000000004,245
2018,11,16,16,0,0,4,0.30000000000000004,248
2018,11,16,16,30,0,4,0.30000000000000004,250
2018,11,16,17,0,0,4,0.30000000000000004,252
2018,11,16,17,30,0,4,0.30000000000000004,253
2018,11,16,18,0,0,4,0.2,254
2018,11,16,18,30,0,4,0.2,254
2018,11,16,19,0,0,4,0.2,253
2018,11,16,19,30,0,4,0.2,256
2018,11,16,20,0,0,4,0.2,259
2018,11,16,20,30,0,4,0.2,260
2018,11,16,21,0,0,4,0.2,260
2018,11,16,21,30,0,4,0.2,260
2018,11,16,22,0,0,4,0.1,259
2018,11,16,22,30,0,4,0.1,259
2018,11,16,23,0,0,4,0.1,259
2018,11,16,23,30,0,4,0.1,258
2018,11,17,0,0,0,4,0.1,257
2018,11,17,0,30,0,4,0.1,256
2018,11,17,1,0,0,4,0.1,255
2018,11,17,1,30,0,4,0.1,255
2018,11,17,2,0,0,4,0.1,255
2018,11,17,2,30,0,4,0.1,254
2018,11,17,3,0,0,4,0.1,253
2018,11,17,3,30,0,4,0.1,252
2018,11,17,4,0,0,4,0.1,251
2018,11,17,4,30,0,4,0.1,251
2018,11,17,5,0,0,4,0.1,251
2018,11,17,5,30,0,4,0.1,251
2018,11,17,6,0,0,4,0.1,251
2018,11,17,6,30,0,4,0.1,252
2018,11,17,7,0,0,4,0.1,253
2018,11,17,7,30,19,4,0.1,252
2018,11,17,8,0,70,4,0.1,250
2018,11,17,8,30,145,4,0.1,248
2018,11,17,9,0,327,4,0.1,245
2018,11,17,9,30,514,4,0.1,246
2018,11,17,10,0,548,4,0.1,247
2018,11,17,10,30,682,2,0.2,255
2018,11,17,11,0,395,4,0.2,262
2018,11,17,11,30,408,4,0.30000000000000004,262
2018,11,17,12,0,519,4,0.30000000000000004,262
2018,11,17,12,30,803,0,0.4,265
2018,11,17,13,0,520,0,0.4,269
2018,11,17,13,30,304,4,0.4,273
2018,11,17,14,0,134,4,0.4,277
2018,11,17,14,30,126,4,0.4,283
2018,11,17,15,0,72,4,0.4,289
2018,11,17,15,30,78,4,0.5,299
2018,11,17,16,0,33,4,0.6000000000000001,309
2018,11,17,16,30,7,4,0.7000000000000001,322
2018,11,17,17,0,8,4,0.8,335
2018,11,17,17,30,0,4,0.8,168
2018,11,17,18,0,0,4,0.9,2
2018,11,17,18,30,0,4,0.9,2
2018,11,17,19,0,0,4,1.0,24
2018,11,17,19,30,0,7,0.9,33
2018,11,17,20,0,0,7,0.9,43
2018,11,17,20,30,0,7,0.8,52
2018,11,17,21,0,0,7,0.6000000000000001,61
2018,11,17,21,30,0,7,0.5,67
2018,11,17,22,0,0,7,0.30000000000000004,72
2018,11,17,22,30,0,7,0.2,73
2018,11,17,23,0,0,7,0.1,74
2018,11,17,23,30,0,7,0.1,77
2018,11,18,0,0,0,7,0.1,80
2018,11,18,0,30,0,7,0.1,82
2018,11,18,1,0,0,7,0.1,84
2018,11,18,1,30,0,7,0.1,84
2018,11,18,2,0,0,7,0.1,85
2018,11,18,2,30,0,7,0.1,87
2018,11,18,3,0,0,7,0.1,88
2018,11,18,3,30,0,7,0.1,88
2018,11,18,4,0,0,7,0.1,89
2018,11,18,4,30,0,7,0.1,88
2018,11,18,5,0,0,7,0.1,87
2018,11,18,5,30,0,4,0.1,86
2018,11,18,6,0,0,4,0.1,86
2018,11,18,6,30,0,4,0.1,85
2018,11,18,7,0,0,4,0.1,85
2018,11,18,7,30,60,0,0.1,85
2018,11,18,8,0,66,4,0.1,85
2018,11,18,8,30,143,4,0.2,92
2018,11,18,9,0,197,4,0.2,99
2018,11,18,9,30,313,4,0.2,103
2018,11,18,10,0,377,4,0.30000000000000004,107
2018,11,18,10,30,296,4,0.30000000000000004,104
2018,11,18,11,0,74,4,0.30000000000000004,100
2018,11,18,11,30,85,4,0.2,99
2018,11,18,12,0,49,7,0.2,98
2018,11,18,12,30,88,4,0.1,81
2018,11,18,13,0,16,7,0.1,64
2018,11,18,13,30,263,4,0.1,201
2018,11,18,14,0,449,4,0.1,337
2018,11,18,14,30,313,4,0.2,331
2018,11,18,15,0,97,4,0.30000000000000004,325
2018,11,18,15,30,43,4,0.30000000000000004,323
2018,11,18,16,0,25,4,0.4,321
2018,11,18,16,30,9,4,0.4,331
2018,11,18,17,0,3,4,0.4,341
2018,11,18,17,30,0,7,0.30000000000000004,176
2018,11,18,18,0,0,7,0.2,12
2018,11,18,18,30,0,4,0.2,12
2018,11,18,19,0,0,7,0.1,24
2018,11,18,19,30,0,4,0.1,29
2018,11,18,20,0,0,4,0.1,34
2018,11,18,20,30,0,4,0.1,31
2018,11,18,21,0,0,4,0.1,29
2018,11,18,21,30,0,4,0.1,27
2018,11,18,22,0,0,4,0.1,26
2018,11,18,22,30,0,4,0.1,23
2018,11,18,23,0,0,4,0.1,20
2018,11,18,23,30,0,4,0.1,18
2018,11,19,0,0,0,4,0.2,16
2018,11,19,0,30,0,4,0.2,16
2018,11,19,1,0,0,4,0.2,15
2018,11,19,1,30,0,4,0.1,16
2018,11,19,2,0,0,4,0.1,16
2018,11,19,2,30,0,4,0.1,18
2018,11,19,3,0,0,4,0.1,20
2018,11,19,3,30,0,4,0.1,25
2018,11,19,4,0,0,4,0.1,31
2018,11,19,4,30,0,4,0.1,38
2018,11,19,5,0,0,4,0.1,46
2018,11,19,5,30,0,4,0.1,54
2018,11,19,6,0,0,4,0.1,62
2018,11,19,6,30,0,8,0.1,66
2018,11,19,7,0,0,7,0.1,71
2018,11,19,7,30,1,7,0.1,71
2018,11,19,8,0,12,7,0.1,72
2018,11,19,8,30,23,7,0.1,72
2018,11,19,9,0,51,7,0.1,72
2018,11,19,9,30,82,7,0.1,73
2018,11,19,10,0,95,8,0.2,75
2018,11,19,10,30,170,4,0.2,75
2018,11,19,11,0,350,8,0.2,76
2018,11,19,11,30,161,4,0.2,75
2018,11,19,12,0,265,4,0.2,74
2018,11,19,12,30,163,4,0.2,73
2018,11,19,13,0,241,4,0.2,72
2018,11,19,13,30,136,4,0.2,69
2018,11,19,14,0,63,4,0.2,66
2018,11,19,14,30,19,4,0.2,53
2018,11,19,15,0,12,4,0.2,40
2018,11,19,15,30,5,4,0.2,25
2018,11,19,16,0,0,4,0.1,11
2018,11,19,16,30,0,4,0.1,11
2018,11,19,17,0,2,4,0.1,10
2018,11,19,17,30,0,4,0.1,14
2018,11,19,18,0,0,7,0.1,17
2018,11,19,18,30,0,7,0.1,17
2018,11,19,19,0,0,7,0.1,9
2018,11,19,19,30,0,7,0.1,183
2018,11,19,20,0,0,7,0.1,356
2018,11,19,20,30,0,7,0.1,350
2018,11,19,21,0,0,7,0.1,344
2018,11,19,21,30,0,7,0.1,337
2018,11,19,22,0,0,7,0.1,331
2018,11,19,22,30,0,7,0.1,323
2018,11,19,23,0,0,7,0.1,316
2018,11,19,23,30,0,7,0.1,310
2018,11,20,0,0,0,7,0.1,305
2018,11,20,0,30,0,7,0.1,301
2018,11,20,1,0,0,7,0.1,297
2018,11,20,1,30,0,7,0.1,294
2018,11,20,2,0,0,4,0.1,291
2018,11,20,2,30,0,4,0.1,290
2018,11,20,3,0,0,4,0.1,289
2018,11,20,3,30,0,4,0.1,285
2018,11,20,4,0,0,4,0.1,282
2018,11,20,4,30,0,4,0.1,278
2018,11,20,5,0,0,4,0.1,274
2018,11,20,5,30,0,4,0.2,271
2018,11,20,6,0,0,4,0.2,268
2018,11,20,6,30,0,4,0.2,264
2018,11,20,7,0,0,4,0.2,261
2018,11,20,7,30,6,4,0.2,261
2018,11,20,8,0,10,4,0.2,261
2018,11,20,8,30,46,4,0.30000000000000004,267
2018,11,20,9,0,55,4,0.30000000000000004,273
2018,11,20,9,30,64,4,0.4,279
2018,11,20,10,0,162,4,0.4,285
2018,11,20,10,30,91,4,0.4,288
2018,11,20,11,0,142,4,0.4,291
2018,11,20,11,30,302,4,0.4,293
2018,11,20,12,0,93,4,0.4,295
2018,11,20,12,30,62,4,0.4,296
2018,11,20,13,0,60,4,0.4,297
2018,11,20,13,30,48,4,0.4,297
2018,11,20,14,0,38,4,0.4,296
2018,11,20,14,30,134,4,0.30000000000000004,294
2018,11,20,15,0,74,4,0.30000000000000004,292
2018,11,20,15,30,0,4,0.2,290
2018,11,20,16,0,0,4,0.2,288
2018,11,20,16,30,0,4,0.2,286
2018,11,20,17,0,19,4,0.2,284
2018,11,20,17,30,0,4,0.2,281
2018,11,20,18,0,0,4,0.2,279
2018,11,20,18,30,0,4,0.2,279
2018,11,20,19,0,0,4,0.4,270
2018,11,20,19,30,0,4,0.4,265
2018,11,20,20,0,0,0,0.4,259
2018,11,20,20,30,0,4,0.4,252
2018,11,20,21,0,0,4,0.4,245
2018,11,20,21,30,0,4,0.4,242
2018,11,20,22,0,0,4,0.4,238
2018,11,20,22,30,0,4,0.4,238
2018,11,20,23,0,0,4,0.30000000000000004,239
2018,11,20,23,30,0,4,0.30000000000000004,238
2018,11,21,0,0,0,4,0.30000000000000004,237
2018,11,21,0,30,0,4,0.30000000000000004,238
2018,11,21,1,0,0,4,0.4,239
2018,11,21,1,30,0,4,0.30000000000000004,242
2018,11,21,2,0,0,4,0.30000000000000004,246
2018,11,21,2,30,0,4,0.30000000000000004,247
2018,11,21,3,0,0,4,0.30000000000000004,248
2018,11,21,3,30,0,4,0.30000000000000004,248
2018,11,21,4,0,0,4,0.30000000000000004,248
2018,11,21,4,30,0,4,0.30000000000000004,247
2018,11,21,5,0,0,4,0.30000000000000004,245
2018,11,21,5,30,0,4,0.30000000000000004,244
2018,11,21,6,0,0,4,0.30000000000000004,242
2018,11,21,6,30,0,4,0.30000000000000004,243
2018,11,21,7,0,0,4,0.30000000000000004,243
2018,11,21,7,30,28,4,0.30000000000000004,244
2018,11,21,8,0,122,4,0.30000000000000004,245
2018,11,21,8,30,223,4,0.4,246
2018,11,21,9,0,186,4,0.4,247
2018,11,21,9,30,136,4,0.4,253
2018,11,21,10,0,126,4,0.5,258
2018,11,21,10,30,80,4,0.5,262
2018,11,21,11,0,40,4,0.5,267
2018,11,21,11,30,11,4,0.4,271
2018,11,21,12,0,18,4,0.4,275
2018,11,21,12,30,36,4,0.4,279
2018,11,21,13,0,21,4,0.4,282
2018,11,21,13,30,22,4,0.4,286
2018,11,21,14,0,22,4,0.4,291
2018,11,21,14,30,15,4,0.30000000000000004,295
2018,11,21,15,0,2,4,0.30000000000000004,299
2018,11,21,15,30,0,4,0.2,305
2018,11,21,16,0,0,4,0.2,312
2018,11,21,16,30,0,4,0.2,321
2018,11,21,17,0,3,4,0.2,331
2018,11,21,17,30,0,4,0.2,339
2018,11,21,18,0,0,4,0.2,348
2018,11,21,18,30,0,4,0.2,348
2018,11,21,19,0,0,4,0.2,0
2018,11,21,19,30,0,4,0.30000000000000004,2
2018,11,21,20,0,0,4,0.30000000000000004,4
2018,11,21,20,30,0,4,0.4,3
2018,11,21,21,0,0,4,0.5,2
2018,11,21,21,30,0,4,0.5,180
2018,11,21,22,0,0,4,0.5,359
2018,11,21,22,30,0,4,0.5,359
2018,11,21,23,0,0,4,0.5,358
2018,11,21,23,30,0,4,0.5,358
2018,11,22,0,0,0,4,0.6000000000000001,358
2018,11,22,0,30,0,4,0.5,358
2018,11,22,1,0,0,4,0.5,359
2018,11,22,1,30,0,4,0.5,180
2018,11,22,2,0,0,4,0.5,2
2018,11,22,2,30,0,4,0.5,6
2018,11,22,3,0,0,4,0.5,10
2018,11,22,3,30,0,4,0.5,17
2018,11,22,4,0,0,4,0.5,24
2018,11,22,4,30,0,4,0.5,31
2018,11,22,5,0,0,4,0.5,39
2018,11,22,5,30,0,4,0.5,45
2018,11,22,6,0,0,4,0.5,51
2018,11,22,6,30,0,4,0.5,55
2018,11,22,7,0,0,4,0.5,59
2018,11,22,7,30,18,4,0.5,61
2018,11,22,8,0,0,4,0.5,63
2018,11,22,8,30,0,4,0.4,59
2018,11,22,9,0,0,4,0.30000000000000004,56
2018,11,22,9,30,0,4,0.30000000000000004,53
2018,11,22,10,0,0,4,0.30000000000000004,49
2018,11,22,10,30,0,4,0.30000000000000004,49
2018,11,22,11,0,7,4,0.30000000000000004,50
2018,11,22,11,30,17,4,0.30000000000000004,50
2018,11,22,12,0,19,4,0.2,51
2018,11,22,12,30,12,4,0.2,51
2018,11,22,13,0,73,4,0.2,52
2018,11,22,13,30,76,4,0.2,54
2018,11,22,14,0,18,4,0.2,56
2018,11,22,14,30,23,4,0.2,60
2018,11,22,15,0,8,4,0.2,64
2018,11,22,15,30,10,4,0.2,67
2018,11,22,16,0,0,4,0.2,70
2018,11,22,16,30,0,4,0.30000000000000004,73
2018,11,22,17,0,18,4,0.4,75
2018,11,22,17,30,0,4,0.5,80
2018,11,22,18,0,0,4,0.5,85
2018,11,22,18,30,0,4,0.5,85
2018,11,22,19,0,0,0,0.5,91
2018,11,22,19,30,0,0,0.6000000000000001,94
2018,11,22,20,0,0,0,0.6000000000000001,96
2018,11,22,20,30,0,4,0.6000000000000001,98
2018,11,22,21,0,0,4,0.6000000000000001,100
2018,11,22,21,30,0,0,0.6000000000000001,100
2018,11,22,22,0,0,0,0.6000000000000001,100
2018,11,22,22,30,0,0,0.6000000000000001,98
2018,11,22,23,0,0,0,0.6000000000000001,97
2018,11,22,23,30,0,0,0.6000000000000001,95
2018,11,23,0,0,0,0,0.6000000000000001,94
2018,11,23,0,30,0,0,0.6000000000000001,96
2018,11,23,1,0,0,0,0.6000000000000001,97
2018,11,23,1,30,0,0,0.5,102
2018,11,23,2,0,0,0,0.5,107
2018,11,23,2,30,0,4,0.5,111
2018,11,23,3,0,0,4,0.4,114
2018,11,23,3,30,0,4,0.4,118
2018,11,23,4,0,0,0,0.30000000000000004,121
2018,11,23,4,30,0,0,0.30000000000000004,124
2018,11,23,5,0,0,0,0.30000000000000004,127
2018,11,23,5,30,0,0,0.4,128
2018,11,23,6,0,0,0,0.4,128
2018,11,23,6,30,0,0,0.4,128
2018,11,23,7,0,0,0,0.4,127
2018,11,23,7,30,130,0,0.4,129
2018,11,23,8,0,319,0,0.30000000000000004,132
2018,11,23,8,30,594,0,0.4,136
2018,11,23,9,0,702,0,0.4,140
2018,11,23,9,30,773,0,0.4,146
2018,11,23,10,0,824,0,0.4,152
2018,11,23,10,30,856,0,0.4,156
2018,11,23,11,0,768,0,0.4,160
2018,11,23,11,30,448,7,0.4,162
2018,11,23,12,0,536,7,0.4,164
2018,11,23,12,30,765,0,0.4,163
2018,11,23,13,0,896,0,0.4,162
2018,11,23,13,30,882,0,0.4,160
2018,11,23,14,0,828,0,0.4,157
2018,11,23,14,30,622,7,0.30000000000000004,151
2018,11,23,15,0,539,7,0.30000000000000004,145
2018,11,23,15,30,383,7,0.2,141
2018,11,23,16,0,305,7,0.2,137
2018,11,23,16,30,180,6,0.2,136
2018,11,23,17,0,34,6,0.2,135
2018,11,23,17,30,0,6,0.2,135
2018,11,23,18,0,0,6,0.2,135
2018,11,23,18,30,0,7,0.2,135
2018,11,23,19,0,0,7,0.2,134
2018,11,23,19,30,0,7,0.2,135
2018,11,23,20,0,0,7,0.30000000000000004,135
2018,11,23,20,30,0,7,0.30000000000000004,137
2018,11,23,21,0,0,7,0.30000000000000004,139
2018,11,23,21,30,0,7,0.30000000000000004,138
2018,11,23,22,0,0,7,0.30000000000000004,138
2018,11,23,22,30,0,7,0.30000000000000004,136
2018,11,23,23,0,0,7,0.30000000000000004,135
2018,11,23,23,30,0,7,0.30000000000000004,134
2018,11,24,0,0,0,7,0.30000000000000004,133
2018,11,24,0,30,0,7,0.30000000000000004,138
2018,11,24,1,0,0,7,0.30000000000000004,142
2018,11,24,1,30,0,7,0.30000000000000004,149
2018,11,24,2,0,0,7,0.30000000000000004,157
2018,11,24,2,30,0,7,0.30000000000000004,147
2018,11,24,3,0,0,7,0.4,137
2018,11,24,3,30,0,6,0.4,134
2018,11,24,4,0,0,9,0.4,130
2018,11,24,4,30,0,6,0.4,141
2018,11,24,5,0,0,6,0.4,151
2018,11,24,5,30,0,6,0.4,153
2018,11,24,6,0,0,6,0.5,155
2018,11,24,6,30,0,6,0.5,158
2018,11,24,7,0,0,6,0.5,161
2018,11,24,7,30,0,7,0.4,158
2018,11,24,8,0,0,6,0.4,155
2018,11,24,8,30,0,7,0.4,155
2018,11,24,9,0,0,7,0.4,155
2018,11,24,9,30,0,7,0.4,157
2018,11,24,10,0,0,7,0.4,159
2018,11,24,10,30,0,7,0.4,161
2018,11,24,11,0,0,7,0.4,164
2018,11,24,11,30,0,7,0.4,165
2018,11,24,12,0,0,4,0.4,166
2018,11,24,12,30,0,4,0.4,169
2018,11,24,13,0,0,4,0.4,172
2018,11,24,13,30,0,4,0.4,177
2018,11,24,14,0,0,4,0.4,181
2018,11,24,14,30,0,4,0.30000000000000004,186
2018,11,24,15,0,0,4,0.30000000000000004,191
2018,11,24,15,30,0,4,0.2,195
2018,11,24,16,0,0,4,0.2,199
2018,11,24,16,30,0,4,0.2,202
2018,11,24,17,0,0,4,0.2,205
2018,11,24,17,30,0,3,0.2,207
2018,11,24,18,0,0,3,0.2,208
2018,11,24,18,30,0,4,0.2,208
2018,11,24,19,0,0,4,0.2,214
2018,11,24,19,30,0,4,0.30000000000000004,220
2018,11,24,20,0,0,4,0.30000000000000004,226
2018,11,24,20,30,0,3,0.30000000000000004,233
2018,11,24,21,0,0,4,0.30000000000000004,241
2018,11,24,21,30,0,4,0.2,245
2018,11,24,22,0,0,4,0.2,249
2018,11,24,22,30,0,4,0.2,248
2018,11,24,23,0,0,3,0.2,246
2018,11,24,23,30,0,0,0.2,240
2018,11,25,0,0,0,0,0.2,234
2018,11,25,0,30,0,3,0.2,230
2018,11,25,1,0,0,3,0.2,227
2018,11,25,1,30,0,4,0.2,225
2018,11,25,2,0,0,7,0.2,224
2018,11,25,2,30,0,4,0.2,225
2018,11,25,3,0,0,0,0.2,226
2018,11,25,3,30,0,0,0.2,226
2018,11,25,4,0,0,7,0.2,227
2018,11,25,4,30,0,7,0.2,229
2018,11,25,5,0,0,7,0.2,231
2018,11,25,5,30,0,7,0.2,234
2018,11,25,6,0,0,4,0.2,237
2018,11,25,6,30,0,3,0.2,240
2018,11,25,7,0,0,7,0.2,243
2018,11,25,7,30,20,4,0.2,243
2018,11,25,8,0,79,3,0.2,243
2018,11,25,8,30,253,0,0.2,240
2018,11,25,9,0,77,3,0.2,237
2018,11,25,9,30,71,3,0.2,241
2018,11,25,10,0,83,3,0.2,245
2018,11,25,10,30,180,3,0.2,251
2018,11,25,11,0,731,0,0.2,256
2018,11,25,11,30,824,0,0.2,262
2018,11,25,12,0,828,0,0.2,268
2018,11,25,12,30,837,0,0.2,270
2018,11,25,13,0,549,0,0.1,272
2018,11,25,13,30,178,4,0.1,258
2018,11,25,14,0,592,0,0.0,245
2018,11,25,14,30,765,0,0.1,186
2018,11,25,15,0,714,0,0.1,127
2018,11,25,15,30,539,0,0.30000000000000004,123
2018,11,25,16,0,242,7,0.5,119
2018,11,25,16,30,137,7,0.5,116
2018,11,25,17,0,28,7,0.5,114
2018,11,25,17,30,0,7,0.30000000000000004,111
2018,11,25,18,0,0,7,0.2,108
2018,11,25,18,30,0,7,0.2,108
2018,11,25,19,0,0,7,0.2,108
2018,11,25,19,30,0,4,0.2,107
2018,11,25,20,0,0,4,0.2,107
2018,11,25,20,30,0,7,0.2,105
2018,11,25,21,0,0,7,0.2,103
2018,11,25,21,30,0,8,0.30000000000000004,101
2018,11,25,22,0,0,7,0.30000000000000004,98
2018,11,25,22,30,0,4,0.30000000000000004,99
2018,11,25,23,0,0,4,0.30000000000000004,99
2018,11,25,23,30,0,4,0.30000000000000004,105
2018,11,26,0,0,0,4,0.2,110
2018,11,26,0,30,0,4,0.30000000000000004,113
2018,11,26,1,0,0,4,0.4,116
2018,11,26,1,30,0,4,0.4,127
2018,11,26,2,0,0,4,0.4,138
2018,11,26,2,30,0,4,0.30000000000000004,137
2018,11,26,3,0,0,4,0.30000000000000004,137
2018,11,26,3,30,0,4,0.30000000000000004,147
2018,11,26,4,0,0,4,0.2,157
2018,11,26,4,30,0,4,0.30000000000000004,160
2018,11,26,5,0,0,4,0.30000000000000004,163
2018,11,26,5,30,0,4,0.30000000000000004,168
2018,11,26,6,0,0,4,0.30000000000000004,174
2018,11,26,6,30,0,4,0.30000000000000004,178
2018,11,26,7,0,0,4,0.30000000000000004,183
2018,11,26,7,30,7,4,0.4,192
2018,11,26,8,0,0,4,0.4,201
2018,11,26,8,30,0,4,0.5,215
2018,11,26,9,0,8,4,0.6000000000000001,229
2018,11,26,9,30,21,4,0.6000000000000001,233
2018,11,26,10,0,0,4,0.7000000000000001,236
2018,11,26,10,30,0,4,0.7000000000000001,234
2018,11,26,11,0,0,4,0.7000000000000001,233
2018,11,26,11,30,0,4,0.7000000000000001,231
2018,11,26,12,0,0,4,0.7000000000000001,230
2018,11,26,12,30,0,4,0.7000000000000001,230
2018,11,26,13,0,0,4,0.7000000000000001,231
2018,11,26,13,30,0,4,0.7000000000000001,232
2018,11,26,14,0,0,4,0.7000000000000001,234
2018,11,26,14,30,0,4,0.6000000000000001,237
2018,11,26,15,0,0,4,0.6000000000000001,241
2018,11,26,15,30,0,4,0.5,246
2018,11,26,16,0,0,4,0.5,251
2018,11,26,16,30,0,4,0.5,259
2018,11,26,17,0,0,4,0.5,267
2018,11,26,17,30,0,4,0.6000000000000001,276
2018,11,26,18,0,0,4,0.6000000000000001,284
2018,11,26,18,30,0,7,0.6000000000000001,284
2018,11,26,19,0,0,8,0.7000000000000001,290
2018,11,26,19,30,0,7,0.7000000000000001,290
2018,11,26,20,0,0,7,0.6000000000000001,289
2018,11,26,20,30,0,7,0.6000000000000001,287
2018,11,26,21,0,0,7,0.6000000000000001,285
2018,11,26,21,30,0,7,0.6000000000000001,283
2018,11,26,22,0,0,7,0.5,282
2018,11,26,22,30,0,7,0.5,281
2018,11,26,23,0,0,7,0.5,280
2018,11,26,23,30,0,7,0.5,280
2018,11,27,0,0,0,6,0.5,280
2018,11,27,0,30,0,6,0.5,281
2018,11,27,1,0,0,7,0.5,281
2018,11,27,1,30,0,7,0.5,281
2018,11,27,2,0,0,7,0.5,281
2018,11,27,2,30,0,7,0.5,281
2018,11,27,3,0,0,7,0.5,281
2018,11,27,3,30,0,7,0.5,281
2018,11,27,4,0,0,7,0.5,282
2018,11,27,4,30,0,7,0.5,282
2018,11,27,5,0,0,8,0.5,282
2018,11,27,5,30,0,4,0.5,282
2018,11,27,6,0,0,4,0.5,281
2018,11,27,6,30,0,4,0.4,280
2018,11,27,7,0,0,4,0.4,279
2018,11,27,7,30,16,4,0.5,279
2018,11,27,8,0,0,4,0.5,279
2018,11,27,8,30,0,4,0.5,282
2018,11,27,9,0,0,4,0.6000000000000001,284
2018,11,27,9,30,0,4,0.6000000000000001,285
2018,11,27,10,0,0,4,0.6000000000000001,287
2018,11,27,10,30,0,4,0.6000000000000001,288
2018,11,27,11,0,1,4,0.6000000000000001,289
2018,11,27,11,30,1,4,0.6000000000000001,290
2018,11,27,12,0,0,4,0.6000000000000001,292
2018,11,27,12,30,3,4,0.6000000000000001,292
2018,11,27,13,0,1,8,0.6000000000000001,293
2018,11,27,13,30,28,7,0.6000000000000001,293
2018,11,27,14,0,52,7,0.6000000000000001,293
2018,11,27,14,30,10,7,0.5,292
2018,11,27,15,0,7,7,0.5,291
2018,11,27,15,30,0,7,0.5,287
2018,11,27,16,0,0,7,0.4,284
2018,11,27,16,30,0,7,0.4,281
2018,11,27,17,0,8,7,0.4,277
2018,11,27,17,30,0,7,0.4,275
2018,11,27,18,0,0,7,0.4,273
2018,11,27,18,30,0,7,0.4,273
2018,11,27,19,0,0,7,0.4,272
2018,11,27,19,30,0,7,0.4,274
2018,11,27,20,0,0,8,0.5,275
2018,11,27,20,30,0,7,0.5,276
2018,11,27,21,0,0,7,0.5,277
2018,11,27,21,30,0,8,0.6000000000000001,278
2018,11,27,22,0,0,8,0.6000000000000001,279
2018,11,27,22,30,0,4,0.6000000000000001,279
2018,11,27,23,0,0,4,0.6000000000000001,279
2018,11,27,23,30,0,4,0.6000000000000001,279
2018,11,28,0,0,0,4,0.6000000000000001,278
2018,11,28,0,30,0,4,0.6000000000000001,278
2018,11,28,1,0,0,4,0.6000000000000001,278
2018,11,28,1,30,0,4,0.6000000000000001,278
2018,11,28,2,0,0,4,0.6000000000000001,278
2018,11,28,2,30,0,4,0.6000000000000001,278
2018,11,28,3,0,0,4,0.6000000000000001,278
2018,11,28,3,30,0,4,0.6000000000000001,278
2018,11,28,4,0,0,4,0.6000000000000001,278
2018,11,28,4,30,0,4,0.6000000000000001,277
2018,11,28,5,0,0,4,0.6000000000000001,276
2018,11,28,5,30,0,4,0.6000000000000001,275
2018,11,28,6,0,0,4,0.6000000000000001,274
2018,11,28,6,30,0,4,0.6000000000000001,274
2018,11,28,7,0,0,4,0.6000000000000001,273
2018,11,28,7,30,4,4,0.6000000000000001,274
2018,11,28,8,0,37,4,0.6000000000000001,275
2018,11,28,8,30,119,4,0.6000000000000001,277
2018,11,28,9,0,194,4,0.7000000000000001,280
2018,11,28,9,30,270,4,0.7000000000000001,281
2018,11,28,10,0,339,4,0.7000000000000001,282
2018,11,28,10,30,230,4,0.7000000000000001,282
2018,11,28,11,0,152,4,0.7000000000000001,282
2018,11,28,11,30,180,4,0.7000000000000001,282
2018,11,28,12,0,187,4,0.7000000000000001,282
2018,11,28,12,30,110,4,0.7000000000000001,282
2018,11,28,13,0,93,4,0.7000000000000001,282
2018,11,28,13,30,60,4,0.6000000000000001,282
2018,11,28,14,0,87,4,0.6000000000000001,283
2018,11,28,14,30,69,4,0.6000000000000001,282
2018,11,28,15,0,23,4,0.6000000000000001,282
2018,11,28,15,30,5,4,0.5,281
2018,11,28,16,0,0,4,0.5,279
2018,11,28,16,30,0,4,0.4,275
2018,11,28,17,0,21,4,0.4,271
2018,11,28,17,30,0,4,0.4,268
2018,11,28,18,0,0,4,0.4,264
2018,11,28,18,30,0,4,0.4,264
2018,11,28,19,0,0,4,0.4,261
2018,11,28,19,30,0,4,0.4,261
2018,11,28,20,0,0,4,0.4,261
2018,11,28,20,30,0,4,0.4,262
2018,11,28,21,0,0,4,0.4,263
2018,11,28,21,30,0,4,0.4,264
2018,11,28,22,0,0,4,0.4,265
2018,11,28,22,30,0,4,0.4,266
2018,11,28,23,0,0,4,0.30000000000000004,266
2018,11,28,23,30,0,4,0.30000000000000004,263
2018,11,29,0,0,0,4,0.30000000000000004,260
2018,11,29,0,30,0,7,0.30000000000000004,256
2018,11,29,1,0,0,4,0.30000000000000004,252
2018,11,29,1,30,0,4,0.30000000000000004,249
2018,11,29,2,0,0,7,0.30000000000000004,247
2018,11,29,2,30,0,7,0.30000000000000004,247
2018,11,29,3,0,0,7,0.30000000000000004,247
2018,11,29,3,30,0,4,0.30000000000000004,249
2018,11,29,4,0,0,4,0.30000000000000004,250
2018,11,29,4,30,0,4,0.30000000000000004,250
2018,11,29,5,0,0,7,0.30000000000000004,250
2018,11,29,5,30,0,7,0.30000000000000004,246
2018,11,29,6,0,0,7,0.30000000000000004,243
2018,11,29,6,30,0,7,0.30000000000000004,234
2018,11,29,7,0,0,7,0.2,225
2018,11,29,7,30,4,7,0.2,212
2018,11,29,8,0,54,4,0.2,198
2018,11,29,8,30,157,4,0.2,188
2018,11,29,9,0,229,4,0.30000000000000004,178
2018,11,29,9,30,175,4,0.30000000000000004,173
2018,11,29,10,0,506,4,0.30000000000000004,167
2018,11,29,10,30,141,4,0.30000000000000004,166
2018,11,29,11,0,235,4,0.30000000000000004,165
2018,11,29,11,30,96,4,0.30000000000000004,166
2018,11,29,12,0,123,4,0.30000000000000004,166
2018,11,29,12,30,444,4,0.30000000000000004,165
2018,11,29,13,0,266,4,0.30000000000000004,163
2018,11,29,13,30,190,4,0.4,162
2018,11,29,14,0,216,4,0.4,160
2018,11,29,14,30,106,4,0.30000000000000004,158
2018,11,29,15,0,86,4,0.30000000000000004,155
2018,11,29,15,30,61,4,0.30000000000000004,156
2018,11,29,16,0,23,4,0.30000000000000004,157
2018,11,29,16,30,2,4,0.30000000000000004,160
2018,11,29,17,0,9,8,0.30000000000000004,163
2018,11,29,17,30,0,7,0.30000000000000004,164
2018,11,29,18,0,0,7,0.30000000000000004,165
2018,11,29,18,30,0,7,0.30000000000000004,165
2018,11,29,19,0,0,7,0.30000000000000004,167
2018,11,29,19,30,0,7,0.30000000000000004,169
2018,11,29,20,0,0,7,0.30000000000000004,170
2018,11,29,20,30,0,7,0.30000000000000004,172
2018,11,29,21,0,0,7,0.30000000000000004,174
2018,11,29,21,30,0,7,0.2,178
2018,11,29,22,0,0,7,0.2,183
2018,11,29,22,30,0,7,0.2,186
2018,11,29,23,0,0,7,0.2,190
2018,11,29,23,30,0,7,0.2,190
2018,11,30,0,0,0,7,0.2,191
2018,11,30,0,30,0,8,0.2,197
2018,11,30,1,0,0,7,0.2,202
2018,11,30,1,30,0,7,0.2,209
2018,11,30,2,0,0,7,0.1,216
2018,11,30,2,30,0,4,0.1,217
2018,11,30,3,0,0,4,0.1,217
2018,11,30,3,30,0,4,0.1,212
2018,11,30,4,0,0,4,0.1,207
2018,11,30,4,30,0,4,0.1,205
2018,11,30,5,0,0,4,0.1,203
2018,11,30,5,30,0,4,0.2,191
2018,11,30,6,0,0,4,0.30000000000000004,179
2018,11,30,6,30,0,4,0.30000000000000004,164
2018,11,30,7,0,0,4,0.4,149
2018,11,30,7,30,19,0,0.30000000000000004,156
2018,11,30,8,0,117,0,0.30000000000000004,163
2018,11,30,8,30,117,4,0.2,165
2018,11,30,9,0,89,4,0.1,167
2018,11,30,9,30,217,4,0.1,195
2018,11,30,10,0,254,4,0.1,223
2018,11,30,10,30,559,0,0.1,250
2018,11,30,11,0,597,2,0.1,277
2018,11,30,11,30,698,0,0.2,285
2018,11,30,12,0,685,0,0.2,293
2018,11,30,12,30,359,3,0.2,300
2018,11,30,13,0,325,2,0.2,307
2018,11,30,13,30,223,3,0.2,311
2018,11,30,14,0,32,4,0.2,315
2018,11,30,14,30,22,4,0.2,320
2018,11,30,15,0,13,4,0.1,325
2018,11,30,15,30,62,4,0.1,333
2018,11,30,16,0,109,4,0.1,340
2018,11,30,16,30,46,4,0.2,348
2018,11,30,17,0,12,4,0.30000000000000004,356
2018,11,30,17,30,0,4,0.30000000000000004,185
2018,11,30,18,0,0,4,0.30000000000000004,15
2018,11,30,18,30,0,4,0.30000000000000004,15
2018,11,30,19,0,0,7,0.30000000000000004,32
2018,11,30,19,30,0,7,0.30000000000000004,42
2018,11,30,20,0,0,7,0.30000000000000004,51
2018,11,30,20,30,0,7,0.2,60
2018,11,30,21,0,0,4,0.1,70
2018,11,30,21,30,0,4,0.1,72
2018,11,30,22,0,0,4,0.1,75
2018,11,30,22,30,0,4,0.1,80
2018,11,30,23,0,0,4,0.1,84
2018,11,30,23,30,0,4,0.2,86
2018,12,1,0,0,0,4,0.2,88
2018,12,1,0,30,0,7,0.2,94
2018,12,1,1,0,0,7,0.2,99
2018,12,1,1,30,0,7,0.2,99
2018,12,1,2,0,0,7,0.1,100
2018,12,1,2,30,0,7,0.2,94
2018,12,1,3,0,0,7,0.2,88
2018,12,1,3,30,0,7,0.2,87
2018,12,1,4,0,0,6,0.2,85
2018,12,1,4,30,0,7,0.2,81
2018,12,1,5,0,0,7,0.30000000000000004,77
2018,12,1,5,30,0,7,0.30000000000000004,77
2018,12,1,6,0,0,6,0.30000000000000004,77
2018,12,1,6,30,0,7,0.30000000000000004,78
2018,12,1,7,0,0,7,0.30000000000000004,78
2018,12,1,7,30,18,7,0.4,81
2018,12,1,8,0,0,7,0.4,83
2018,12,1,8,30,0,7,0.4,86
2018,12,1,9,0,0,6,0.4,89
2018,12,1,9,30,0,6,0.4,96
2018,12,1,10,0,0,6,0.4,104
2018,12,1,10,30,0,6,0.4,104
2018,12,1,11,0,0,6,0.4,104
2018,12,1,11,30,0,6,0.5,109
2018,12,1,12,0,0,6,0.5,115
2018,12,1,12,30,0,6,0.5,112
2018,12,1,13,0,0,6,0.5,110
2018,12,1,13,30,0,6,0.5,115
2018,12,1,14,0,0,6,0.5,119
2018,12,1,14,30,0,7,0.5,125
2018,12,1,15,0,0,7,0.5,130
2018,12,1,15,30,71,7,0.4,130
2018,12,1,16,0,149,4,0.4,130
2018,12,1,16,30,37,7,0.4,134
2018,12,1,17,0,13,7,0.4,138
2018,12,1,17,30,0,7,0.4,132
2018,12,1,18,0,0,7,0.30000000000000004,127
2018,12,1,18,30,0,7,0.30000000000000004,127
2018,12,1,19,0,0,7,0.4,123
2018,12,1,19,30,0,7,0.4,126
2018,12,1,20,0,0,7,0.4,129
2018,12,1,20,30,0,7,0.4,132
2018,12,1,21,0,0,7,0.5,135
2018,12,1,21,30,0,7,0.4,134
2018,12,1,22,0,0,7,0.4,133
2018,12,1,22,30,0,6,0.5,140
2018,12,1,23,0,0,6,0.6000000000000001,148
2018,12,1,23,30,0,7,0.5,144
2018,12,2,0,0,0,7,0.5,140
2018,12,2,0,30,0,7,0.5,151
2018,12,2,1,0,0,7,0.5,161
2018,12,2,1,30,0,7,0.5,164
2018,12,2,2,0,0,4,0.5,168
2018,12,2,2,30,0,4,0.5,170
2018,12,2,3,0,0,4,0.4,171
2018,12,2,3,30,0,4,0.4,170
2018,12,2,4,0,0,4,0.30000000000000004,168
2018,12,2,4,30,0,4,0.4,176
2018,12,2,5,0,0,0,0.4,184
2018,12,2,5,30,0,3,0.4,187
2018,12,2,6,0,0,0,0.4,190
2018,12,2,6,30,0,3,0.4,192
2018,12,2,7,0,0,3,0.4,194
2018,12,2,7,30,23,3,0.4,195
2018,12,2,8,0,103,4,0.4,196
2018,12,2,8,30,242,4,0.4,197
2018,12,2,9,0,435,7,0.4,197
2018,12,2,9,30,745,0,0.4,199
2018,12,2,10,0,814,0,0.5,200
2018,12,2,10,30,836,0,0.5,200
2018,12,2,11,0,834,0,0.6000000000000001,200
2018,12,2,11,30,899,0,0.6000000000000001,197
2018,12,2,12,0,909,0,0.6000000000000001,194
2018,12,2,12,30,910,0,0.6000000000000001,192
2018,12,2,13,0,904,0,0.6000000000000001,189
2018,12,2,13,30,720,0,0.6000000000000001,188
2018,12,2,14,0,771,0,0.6000000000000001,187
2018,12,2,14,30,779,0,0.6000000000000001,187
2018,12,2,15,0,768,0,0.5,186
2018,12,2,15,30,685,0,0.5,187
2018,12,2,16,0,494,0,0.5,188
2018,12,2,16,30,101,4,0.5,192
2018,12,2,17,0,25,4,0.5,196
2018,12,2,17,30,0,3,0.5,207
2018,12,2,18,0,0,4,0.5,217
2018,12,2,18,30,0,4,0.5,217
2018,12,2,19,0,0,0,0.5,248
2018,12,2,19,30,0,0,0.5,256
2018,12,2,20,0,0,4,0.5,264
2018,12,2,20,30,0,4,0.5,265
2018,12,2,21,0,0,4,0.5,266
2018,12,2,21,30,0,4,0.5,265
2018,12,2,22,0,0,4,0.5,264
2018,12,2,22,30,0,4,0.5,262
2018,12,2,23,0,0,4,0.5,259
2018,12,2,23,30,0,4,0.5,256
2018,12,3,0,0,0,0,0.5,254
2018,12,3,0,30,0,0,0.5,251
2018,12,3,1,0,0,4,0.5,248
2018,12,3,1,30,0,4,0.5,247
2018,12,3,2,0,0,4,0.5,245
2018,12,3,2,30,0,4,0.5,244
2018,12,3,3,0,0,4,0.5,242
2018,12,3,3,30,0,4,0.5,242
2018,12,3,4,0,0,4,0.5,241
2018,12,3,4,30,0,4,0.5,241
2018,12,3,5,0,0,4,0.5,240
2018,12,3,5,30,0,4,0.5,240
2018,12,3,6,0,0,4,0.5,240
2018,12,3,6,30,0,4,0.4,240
2018,12,3,7,0,0,4,0.4,240
2018,12,3,7,30,0,4,0.4,241
2018,12,3,8,0,0,4,0.5,242
2018,12,3,8,30,0,4,0.5,245
2018,12,3,9,0,0,4,0.6000000000000001,248
2018,12,3,9,30,1,4,0.6000000000000001,252
2018,12,3,10,0,37,4,0.6000000000000001,256
2018,12,3,10,30,2,4,0.6000000000000001,258
2018,12,3,11,0,0,4,0.6000000000000001,260
2018,12,3,11,30,0,4,0.6000000000000001,263
2018,12,3,12,0,0,4,0.6000000000000001,266
2018,12,3,12,30,0,4,0.6000000000000001,271
2018,12,3,13,0,0,4,0.6000000000000001,276
2018,12,3,13,30,0,4,0.6000000000000001,280
2018,12,3,14,0,0,4,0.6000000000000001,284
2018,12,3,14,30,0,4,0.5,288
2018,12,3,15,0,0,4,0.5,291
2018,12,3,15,30,0,4,0.5,294
2018,12,3,16,0,0,4,0.4,297
2018,12,3,16,30,0,4,0.4,299
2018,12,3,17,0,3,4,0.30000000000000004,301
2018,12,3,17,30,0,4,0.30000000000000004,304
2018,12,3,18,0,0,4,0.30000000000000004,306
2018,12,3,18,30,0,4,0.30000000000000004,306
2018,12,3,19,0,0,4,0.30000000000000004,313
2018,12,3,19,30,0,4,0.30000000000000004,316
2018,12,3,20,0,0,4,0.30000000000000004,319
2018,12,3,20,30,0,4,0.30000000000000004,322
2018,12,3,21,0,0,4,0.30000000000000004,325
2018,12,3,21,30,0,4,0.30000000000000004,327
2018,12,3,22,0,0,4,0.30000000000000004,330
2018,12,3,22,30,0,4,0.30000000000000004,329
2018,12,3,23,0,0,4,0.30000000000000004,329
2018,12,3,23,30,0,4,0.30000000000000004,329
2018,12,4,0,0,0,4,0.30000000000000004,328
2018,12,4,0,30,0,4,0.30000000000000004,328
2018,12,4,1,0,0,4,0.30000000000000004,328
2018,12,4,1,30,0,4,0.30000000000000004,329
2018,12,4,2,0,0,4,0.30000000000000004,331
2018,12,4,2,30,0,4,0.30000000000000004,330
2018,12,4,3,0,0,4,0.30000000000000004,328
2018,12,4,3,30,0,4,0.2,326
2018,12,4,4,0,0,4,0.2,324
2018,12,4,4,30,0,4,0.2,324
2018,12,4,5,0,0,4,0.2,323
2018,12,4,5,30,0,4,0.2,325
2018,12,4,6,0,0,4,0.2,326
2018,12,4,6,30,0,4,0.2,328
2018,12,4,7,0,0,4,0.2,330
2018,12,4,7,30,0,4,0.30000000000000004,332
2018,12,4,8,0,0,4,0.30000000000000004,334
2018,12,4,8,30,0,4,0.4,337
2018,12,4,9,0,0,4,0.4,339
2018,12,4,9,30,2,4,0.4,340
2018,12,4,10,0,0,4,0.4,340
2018,12,4,10,30,3,4,0.4,340
2018,12,4,11,0,1,4,0.4,339
2018,12,4,11,30,0,4,0.4,339
2018,12,4,12,0,0,4,0.4,338
2018,12,4,12,30,0,4,0.4,338
2018,12,4,13,0,0,4,0.4,338
2018,12,4,13,30,0,4,0.30000000000000004,338
2018,12,4,14,0,0,4,0.30000000000000004,337
2018,12,4,14,30,0,4,0.30000000000000004,337
2018,12,4,15,0,0,4,0.30000000000000004,337
2018,12,4,15,30,0,4,0.2,335
2018,12,4,16,0,0,4,0.2,333
2018,12,4,16,30,0,4,0.2,334
2018,12,4,17,0,16,4,0.1,334
2018,12,4,17,30,0,4,0.2,338
2018,12,4,18,0,0,4,0.2,341
2018,12,4,18,30,0,4,0.2,341
2018,12,4,19,0,0,4,0.2,349
2018,12,4,19,30,0,4,0.1,354
2018,12,4,20,0,0,4,0.1,358
2018,12,4,20,30,0,4,0.1,183
2018,12,4,21,0,0,4,0.1,8
2018,12,4,21,30,0,4,0.2,13
2018,12,4,22,0,0,4,0.2,18
2018,12,4,22,30,0,4,0.2,26
2018,12,4,23,0,0,4,0.2,34
2018,12,4,23,30,0,4,0.30000000000000004,41
2018,12,5,0,0,0,4,0.4,48
2018,12,5,0,30,0,4,0.30000000000000004,56
2018,12,5,1,0,0,4,0.30000000000000004,64
2018,12,5,1,30,0,4,0.2,92
2018,12,5,2,0,0,4,0.2,119
2018,12,5,2,30,0,4,0.2,173
2018,12,5,3,0,0,4,0.2,226
2018,12,5,3,30,0,4,0.2,237
2018,12,5,4,0,0,4,0.2,248
2018,12,5,4,30,0,4,0.2,255
2018,12,5,5,0,0,7,0.1,261
2018,12,5,5,30,0,7,0.1,264
2018,12,5,6,0,0,7,0.1,266
2018,12,5,6,30,0,7,0.2,264
2018,12,5,7,0,0,7,0.2,262
2018,12,5,7,30,2,7,0.2,265
2018,12,5,8,0,2,4,0.30000000000000004,268
2018,12,5,8,30,0,4,0.30000000000000004,274
2018,12,5,9,0,0,4,0.4,279
2018,12,5,9,30,132,4,0.4,281
2018,12,5,10,0,149,4,0.5,282
2018,12,5,10,30,191,4,0.5,283
2018,12,5,11,0,239,4,0.5,284
2018,12,5,11,30,438,4,0.5,285
2018,12,5,12,0,459,4,0.6000000000000001,286
2018,12,5,12,30,372,4,0.6000000000000001,287
2018,12,5,13,0,453,4,0.6000000000000001,287
2018,12,5,13,30,478,4,0.6000000000000001,287
2018,12,5,14,0,397,4,0.5,287
2018,12,5,14,30,233,4,0.5,285
2018,12,5,15,0,123,4,0.5,284
2018,12,5,15,30,54,4,0.4,279
2018,12,5,16,0,19,4,0.30000000000000004,275
2018,12,5,16,30,1,4,0.30000000000000004,268
2018,12,5,17,0,9,4,0.30000000000000004,262
2018,12,5,17,30,0,4,0.30000000000000004,259
2018,12,5,18,0,0,4,0.30000000000000004,255
2018,12,5,18,30,0,4,0.30000000000000004,255
2018,12,5,19,0,0,4,0.4,251
2018,12,5,19,30,0,4,0.4,251
2018,12,5,20,0,0,4,0.4,252
2018,12,5,20,30,0,4,0.4,251
2018,12,5,21,0,0,4,0.4,249
2018,12,5,21,30,0,4,0.4,246
2018,12,5,22,0,0,4,0.30000000000000004,243
2018,12,5,22,30,0,4,0.4,243
2018,12,5,23,0,0,4,0.4,243
2018,12,5,23,30,0,4,0.4,245
2018,12,6,0,0,0,4,0.5,247
2018,12,6,0,30,0,7,0.5,247
2018,12,6,1,0,0,4,0.5,248
2018,12,6,1,30,0,4,0.5,246
2018,12,6,2,0,0,4,0.5,245
2018,12,6,2,30,0,4,0.4,239
2018,12,6,3,0,0,4,0.4,233
2018,12,6,3,30,0,7,0.4,227
2018,12,6,4,0,0,7,0.5,221
2018,12,6,4,30,0,7,0.5,218
2018,12,6,5,0,0,7,0.5,215
2018,12,6,5,30,0,7,0.5,212
2018,12,6,6,0,0,7,0.5,209
2018,12,6,6,30,0,7,0.6000000000000001,206
2018,12,6,7,0,0,7,0.6000000000000001,203
2018,12,6,7,30,17,7,0.6000000000000001,201
2018,12,6,8,0,54,4,0.6000000000000001,199
2018,12,6,8,30,127,7,0.7000000000000001,199
2018,12,6,9,0,193,7,0.7000000000000001,199
2018,12,6,9,30,287,7,0.7000000000000001,200
2018,12,6,10,0,472,7,0.8,201
2018,12,6,10,30,123,7,0.8,203
2018,12,6,11,0,94,7,0.8,205
2018,12,6,11,30,126,7,0.8,208
2018,12,6,12,0,154,7,0.7000000000000001,211
2018,12,6,12,30,185,7,0.7000000000000001,214
2018,12,6,13,0,160,7,0.7000000000000001,217
2018,12,6,13,30,79,7,0.7000000000000001,221
2018,12,6,14,0,74,7,0.7000000000000001,226
2018,12,6,14,30,56,7,0.7000000000000001,230
2018,12,6,15,0,100,7,0.7000000000000001,234
2018,12,6,15,30,71,7,0.6000000000000001,238
2018,12,6,16,0,47,7,0.6000000000000001,241
2018,12,6,16,30,25,7,0.6000000000000001,247
2018,12,6,17,0,7,8,0.5,253
2018,12,6,17,30,0,7,0.5,261
2018,12,6,18,0,0,7,0.5,270
2018,12,6,18,30,0,7,0.5,270
2018,12,6,19,0,0,4,0.5,290
2018,12,6,19,30,0,4,0.5,298
2018,12,6,20,0,0,4,0.5,305
2018,12,6,20,30,0,4,0.5,307
2018,12,6,21,0,0,4,0.4,308
2018,12,6,21,30,0,4,0.4,306
2018,12,6,22,0,0,4,0.4,304
2018,12,6,22,30,0,4,0.30000000000000004,300
2018,12,6,23,0,0,4,0.30000000000000004,296
2018,12,6,23,30,0,0,0.30000000000000004,294
2018,12,7,0,0,0,0,0.30000000000000004,292
2018,12,7,0,30,0,0,0.30000000000000004,291
2018,12,7,1,0,0,0,0.30000000000000004,290
2018,12,7,1,30,0,0,0.30000000000000004,290
2018,12,7,2,0,0,0,0.30000000000000004,290
2018,12,7,2,30,0,0,0.30000000000000004,290
2018,12,7,3,0,0,0,0.30000000000000004,290
2018,12,7,3,30,0,0,0.30000000000000004,289
2018,12,7,4,0,0,0,0.30000000000000004,288
2018,12,7,4,30,0,0,0.30000000000000004,289
2018,12,7,5,0,0,4,0.30000000000000004,289
2018,12,7,5,30,0,4,0.30000000000000004,292
2018,12,7,6,0,0,0,0.30000000000000004,294
2018,12,7,6,30,0,0,0.30000000000000004,295
2018,12,7,7,0,0,0,0.30000000000000004,295
2018,12,7,7,30,29,0,0.30000000000000004,294
2018,12,7,8,0,309,0,0.30000000000000004,293
2018,12,7,8,30,576,0,0.30000000000000004,296
2018,12,7,9,0,705,0,0.2,299
2018,12,7,9,30,775,0,0.2,292
2018,12,7,10,0,817,0,0.2,286
2018,12,7,10,30,853,0,0.30000000000000004,281
2018,12,7,11,0,876,0,0.30000000000000004,276
2018,12,7,11,30,891,0,0.30000000000000004,272
2018,12,7,12,0,794,0,0.30000000000000004,269
2018,12,7,12,30,805,4,0.30000000000000004,267
2018,12,7,13,0,744,4,0.4,265
2018,12,7,13,30,779,4,0.4,264
2018,12,7,14,0,782,4,0.4,263
2018,12,7,14,30,750,4,0.30000000000000004,262
2018,12,7,15,0,516,4,0.30000000000000004,261
2018,12,7,15,30,400,4,0.30000000000000004,260
2018,12,7,16,0,345,4,0.30000000000000004,259
2018,12,7,16,30,268,0,0.5,260
2018,12,7,17,0,48,0,0.6000000000000001,262
2018,12,7,17,30,0,0,0.6000000000000001,264
2018,12,7,18,0,0,0,0.6000000000000001,266
2018,12,7,18,30,0,0,0.6000000000000001,266
2018,12,7,19,0,0,0,0.5,266
2018,12,7,19,30,0,0,0.4,265
2018,12,7,20,0,0,7,0.30000000000000004,264
2018,12,7,20,30,0,4,0.30000000000000004,261
2018,12,7,21,0,0,4,0.2,258
2018,12,7,21,30,0,4,0.2,260
2018,12,7,22,0,0,4,0.2,261
2018,12,7,22,30,0,4,0.2,260
2018,12,7,23,0,0,4,0.30000000000000004,260
2018,12,7,23,30,0,4,0.30000000000000004,261
2018,12,8,0,0,0,0,0.30000000000000004,262
2018,12,8,0,30,0,4,0.30000000000000004,264
2018,12,8,1,0,0,0,0.30000000000000004,267
2018,12,8,1,30,0,0,0.30000000000000004,270
2018,12,8,2,0,0,0,0.30000000000000004,274
2018,12,8,2,30,0,0,0.30000000000000004,279
2018,12,8,3,0,0,0,0.4,284
2018,12,8,3,30,0,0,0.30000000000000004,286
2018,12,8,4,0,0,4,0.30000000000000004,287
2018,12,8,4,30,0,4,0.30000000000000004,289
2018,12,8,5,0,0,4,0.30000000000000004,291
2018,12,8,5,30,0,4,0.30000000000000004,295
2018,12,8,6,0,0,4,0.30000000000000004,299
2018,12,8,6,30,0,4,0.30000000000000004,303
2018,12,8,7,0,0,4,0.30000000000000004,308
2018,12,8,7,30,0,4,0.30000000000000004,308
2018,12,8,8,0,4,4,0.30000000000000004,309
2018,12,8,8,30,22,4,0.30000000000000004,316
2018,12,8,9,0,59,4,0.4,322
2018,12,8,9,30,154,4,0.4,326
2018,12,8,10,0,202,4,0.4,329
2018,12,8,10,30,357,4,0.4,326
2018,12,8,11,0,396,4,0.30000000000000004,323
2018,12,8,11,30,433,4,0.30000000000000004,321
2018,12,8,12,0,237,4,0.30000000000000004,319
2018,12,8,12,30,91,4,0.30000000000000004,320
2018,12,8,13,0,473,4,0.30000000000000004,320
2018,12,8,13,30,757,4,0.30000000000000004,322
2018,12,8,14,0,763,4,0.30000000000000004,323
2018,12,8,14,30,696,7,0.30000000000000004,330
2018,12,8,15,0,677,7,0.2,336
2018,12,8,15,30,586,7,0.2,340
2018,12,8,16,0,406,4,0.30000000000000004,344
2018,12,8,16,30,194,4,0.4,172
2018,12,8,17,0,52,7,0.5,0
2018,12,8,17,30,0,7,0.5,8
2018,12,8,18,0,0,7,0.4,15
2018,12,8,18,30,0,7,0.4,15
2018,12,8,19,0,0,7,0.2,27
2018,12,8,19,30,0,7,0.2,34
2018,12,8,20,0,0,7,0.2,40
2018,12,8,20,30,0,7,0.2,48
2018,12,8,21,0,0,7,0.2,57
2018,12,8,21,30,0,7,0.2,66
2018,12,8,22,0,0,7,0.2,74
2018,12,8,22,30,0,6,0.2,79
2018,12,8,23,0,0,6,0.30000000000000004,84
2018,12,8,23,30,0,6,0.30000000000000004,87
2018,12,9,0,0,0,6,0.30000000000000004,89
2018,12,9,0,30,0,6,0.30000000000000004,90
2018,12,9,1,0,0,6,0.30000000000000004,91
2018,12,9,1,30,0,6,0.30000000000000004,92
2018,12,9,2,0,0,6,0.30000000000000004,92
2018,12,9,2,30,0,6,0.30000000000000004,96
2018,12,9,3,0,0,6,0.30000000000000004,99
2018,12,9,3,30,0,6,0.30000000000000004,96
2018,12,9,4,0,0,6,0.30000000000000004,94
2018,12,9,4,30,0,6,0.30000000000000004,86
2018,12,9,5,0,0,6,0.30000000000000004,78
2018,12,9,5,30,0,6,0.30000000000000004,73
2018,12,9,6,0,0,7,0.30000000000000004,67
2018,12,9,6,30,0,7,0.30000000000000004,63
2018,12,9,7,0,0,7,0.30000000000000004,60
2018,12,9,7,30,0,7,0.30000000000000004,58
2018,12,9,8,0,196,7,0.4,56
2018,12,9,8,30,386,7,0.30000000000000004,56
2018,12,9,9,0,514,7,0.30000000000000004,55
2018,12,9,9,30,589,7,0.30000000000000004,63
2018,12,9,10,0,682,7,0.30000000000000004,71
2018,12,9,10,30,750,7,0.30000000000000004,69
2018,12,9,11,0,763,7,0.30000000000000004,68
2018,12,9,11,30,771,7,0.2,69
2018,12,9,12,0,740,7,0.2,71
2018,12,9,12,30,758,7,0.2,69
2018,12,9,13,0,755,7,0.2,66
2018,12,9,13,30,725,7,0.2,57
2018,12,9,14,0,688,7,0.2,48
2018,12,9,14,30,665,7,0.2,40
2018,12,9,15,0,639,7,0.2,32
2018,12,9,15,30,553,7,0.30000000000000004,36
2018,12,9,16,0,218,4,0.30000000000000004,40
2018,12,9,16,30,73,4,0.5,45
2018,12,9,17,0,50,7,0.6000000000000001,50
2018,12,9,17,30,0,7,0.6000000000000001,43
2018,12,9,18,0,0,7,0.6000000000000001,36
2018,12,9,18,30,0,4,0.6000000000000001,36
2018,12,9,19,0,0,0,0.30000000000000004,20
2018,12,9,19,30,0,0,0.30000000000000004,18
2018,12,9,20,0,0,0,0.30000000000000004,16
2018,12,9,20,30,0,0,0.30000000000000004,17
2018,12,9,21,0,0,0,0.30000000000000004,17
2018,12,9,21,30,0,0,0.30000000000000004,18
2018,12,9,22,0,0,0,0.30000000000000004,19
2018,12,9,22,30,0,0,0.30000000000000004,19
2018,12,9,23,0,0,0,0.30000000000000004,19
2018,12,9,23,30,0,0,0.30000000000000004,18
2018,12,10,0,0,0,0,0.30000000000000004,17
2018,12,10,0,30,0,0,0.30000000000000004,16
2018,12,10,1,0,0,0,0.30000000000000004,14
2018,12,10,1,30,0,0,0.30000000000000004,13
2018,12,10,2,0,0,0,0.30000000000000004,12
2018,12,10,2,30,0,0,0.30000000000000004,10
2018,12,10,3,0,0,0,0.30000000000000004,7
2018,12,10,3,30,0,0,0.30000000000000004,5
2018,12,10,4,0,0,0,0.30000000000000004,3
2018,12,10,4,30,0,0,0.30000000000000004,2
2018,12,10,5,0,0,0,0.2,1
2018,12,10,5,30,0,4,0.2,180
2018,12,10,6,0,0,4,0.2,359
2018,12,10,6,30,0,4,0.2,180
2018,12,10,7,0,0,4,0.2,1
2018,12,10,7,30,0,4,0.2,5
2018,12,10,8,0,19,4,0.2,8
2018,12,10,8,30,37,4,0.2,15
2018,12,10,9,0,85,4,0.2,22
2018,12,10,9,30,122,4,0.2,21
2018,12,10,10,0,194,4,0.30000000000000004,19
2018,12,10,10,30,101,4,0.2,13
2018,12,10,11,0,32,4,0.2,6
2018,12,10,11,30,2,4,0.2,172
2018,12,10,12,0,2,4,0.2,338
2018,12,10,12,30,10,4,0.2,330
2018,12,10,13,0,70,4,0.2,322
2018,12,10,13,30,146,4,0.2,319
2018,12,10,14,0,188,4,0.30000000000000004,317
2018,12,10,14,30,114,4,0.30000000000000004,317
2018,12,10,15,0,80,4,0.30000000000000004,317
2018,12,10,15,30,47,4,0.30000000000000004,313
2018,12,10,16,0,16,4,0.30000000000000004,310
2018,12,10,16,30,1,4,0.5,303
2018,12,10,17,0,21,4,0.6000000000000001,297
2018,12,10,17,30,0,4,0.6000000000000001,284
2018,12,10,18,0,0,4,0.6000000000000001,272
2018,12,10,18,30,0,4,0.6000000000000001,272
2018,12,10,19,0,0,4,0.5,239
2018,12,10,19,30,0,4,0.5,230
2018,12,10,20,0,0,4,0.5,222
2018,12,10,20,30,0,4,0.4,220
2018,12,10,21,0,0,4,0.30000000000000004,219
2018,12,10,21,30,0,0,0.30000000000000004,220
2018,12,10,22,0,0,0,0.30000000000000004,221
2018,12,10,22,30,0,0,0.30000000000000004,224
2018,12,10,23,0,0,4,0.30000000000000004,226
2018,12,10,23,30,0,4,0.30000000000000004,227
2018,12,11,0,0,0,4,0.30000000000000004,228
2018,12,11,0,30,0,4,0.30000000000000004,226
2018,12,11,1,0,0,4,0.30000000000000004,225
2018,12,11,1,30,0,4,0.30000000000000004,220
2018,12,11,2,0,0,4,0.30000000000000004,215
2018,12,11,2,30,0,4,0.30000000000000004,210
2018,12,11,3,0,0,4,0.4,205
2018,12,11,3,30,0,4,0.4,202
2018,12,11,4,0,0,4,0.4,200
2018,12,11,4,30,0,4,0.4,204
2018,12,11,5,0,0,4,0.4,207
2018,12,11,5,30,0,4,0.5,211
2018,12,11,6,0,0,4,0.5,215
2018,12,11,6,30,0,4,0.5,214
2018,12,11,7,0,0,0,0.5,214
2018,12,11,7,30,0,0,0.5,214
2018,12,11,8,0,186,0,0.5,214
2018,12,11,8,30,439,0,0.6000000000000001,215
2018,12,11,9,0,572,0,0.6000000000000001,216
2018,12,11,9,30,696,0,0.6000000000000001,217
2018,12,11,10,0,633,4,0.7000000000000001,218
2018,12,11,10,30,737,0,0.7000000000000001,220
2018,12,11,11,0,827,0,0.7000000000000001,222
2018,12,11,11,30,852,0,0.7000000000000001,225
2018,12,11,12,0,840,0,0.8,228
2018,12,11,12,30,856,0,0.8,231
2018,12,11,13,0,844,0,0.8,234
2018,12,11,13,30,830,0,0.8,236
2018,12,11,14,0,803,0,0.8,239
2018,12,11,14,30,758,0,0.7000000000000001,240
2018,12,11,15,0,702,0,0.6000000000000001,242
2018,12,11,15,30,618,0,0.5,242
2018,12,11,16,0,473,0,0.4,242
2018,12,11,16,30,286,0,0.4,244
2018,12,11,17,0,36,0,0.4,245
2018,12,11,17,30,0,0,0.4,248
2018,12,11,18,0,0,0,0.4,252
2018,12,11,18,30,0,0,0.4,252
2018,12,11,19,0,0,0,0.4,265
2018,12,11,19,30,0,0,0.4,272
2018,12,11,20,0,0,4,0.4,279
2018,12,11,20,30,0,4,0.30000000000000004,284
2018,12,11,21,0,0,4,0.30000000000000004,289
2018,12,11,21,30,0,4,0.30000000000000004,292
2018,12,11,22,0,0,4,0.2,295
2018,12,11,22,30,0,0,0.2,296
2018,12,11,23,0,0,0,0.2,297
2018,12,11,23,30,0,0,0.30000000000000004,295
2018,12,12,0,0,0,0,0.30000000000000004,294
2018,12,12,0,30,0,0,0.4,294
2018,12,12,1,0,0,4,0.5,294
2018,12,12,1,30,0,4,0.5,302
2018,12,12,2,0,0,4,0.6000000000000001,310
2018,12,12,2,30,0,4,0.4,220
2018,12,12,3,0,0,4,0.2,130
2018,12,12,3,30,0,7,0.4,143
2018,12,12,4,0,0,7,0.5,156
2018,12,12,4,30,0,7,0.5,162
2018,12,12,5,0,0,7,0.5,167
2018,12,12,5,30,0,7,0.4,164
2018,12,12,6,0,0,7,0.30000000000000004,161
2018,12,12,6,30,0,7,0.30000000000000004,156
2018,12,12,7,0,0,7,0.30000000000000004,150
2018,12,12,7,30,0,7,0.30000000000000004,148
2018,12,12,8,0,21,7,0.4,146
2018,12,12,8,30,12,6,0.4,147
2018,12,12,9,0,21,6,0.4,148
2018,12,12,9,30,75,6,0.5,147
2018,12,12,10,0,87,7,0.5,145
2018,12,12,10,30,61,6,0.5,143
2018,12,12,11,0,69,6,0.5,140
2018,12,12,11,30,64,6,0.5,144
2018,12,12,12,0,59,6,0.6000000000000001,149
2018,12,12,12,30,203,4,0.6000000000000001,153
2018,12,12,13,0,491,4,0.6000000000000001,158
2018,12,12,13,30,752,0,0.6000000000000001,158
2018,12,12,14,0,704,0,0.7000000000000001,158
2018,12,12,14,30,442,7,0.6000000000000001,156
2018,12,12,15,0,100,6,0.5,153
2018,12,12,15,30,7,7,0.5,152
2018,12,12,16,0,3,7,0.4,150
2018,12,12,16,30,1,7,0.5,159
2018,12,12,17,0,9,7,0.5,167
2018,12,12,17,30,0,7,0.5,178
2018,12,12,18,0,0,7,0.5,188
2018,12,12,18,30,0,7,0.5,188
2018,12,12,19,0,0,7,0.5,197
2018,12,12,19,30,0,7,0.4,200
2018,12,12,20,0,0,4,0.4,203
2018,12,12,20,30,0,4,0.4,207
2018,12,12,21,0,0,0,0.4,210
2018,12,12,21,30,0,0,0.4,213
2018,12,12,22,0,0,0,0.4,216
2018,12,12,22,30,0,0,0.4,218
2018,12,12,23,0,0,0,0.4,219
2018,12,12,23,30,0,0,0.4,219
2018,12,13,0,0,0,4,0.4,218
2018,12,13,0,30,0,0,0.4,217
2018,12,13,1,0,0,0,0.4,217
2018,12,13,1,30,0,4,0.4,219
2018,12,13,2,0,0,0,0.4,221
2018,12,13,2,30,0,0,0.4,227
2018,12,13,3,0,0,0,0.4,232
2018,12,13,3,30,0,0,0.4,236
2018,12,13,4,0,0,0,0.4,241
2018,12,13,4,30,0,0,0.30000000000000004,242
2018,12,13,5,0,0,4,0.2,243
2018,12,13,5,30,0,4,0.2,239
2018,12,13,6,0,0,4,0.2,236
2018,12,13,6,30,0,4,0.1,232
2018,12,13,7,0,0,4,0.1,228
2018,12,13,7,30,0,4,0.1,226
2018,12,13,8,0,51,4,0.1,225
2018,12,13,8,30,166,4,0.2,220
2018,12,13,9,0,260,4,0.2,216
2018,12,13,9,30,548,0,0.30000000000000004,210
2018,12,13,10,0,674,0,0.30000000000000004,204
2018,12,13,10,30,651,0,0.30000000000000004,202
2018,12,13,11,0,429,2,0.30000000000000004,199
2018,12,13,11,30,633,0,0.30000000000000004,199
2018,12,13,12,0,607,0,0.30000000000000004,199
2018,12,13,12,30,553,0,0.30000000000000004,195
2018,12,13,13,0,266,7,0.30000000000000004,191
2018,12,13,13,30,174,4,0.30000000000000004,188
2018,12,13,14,0,301,7,0.30000000000000004,186
2018,12,13,14,30,288,7,0.2,181
2018,12,13,15,0,358,7,0.2,176
2018,12,13,15,30,381,7,0.2,173
2018,12,13,16,0,305,7,0.2,170
2018,12,13,16,30,174,7,0.2,169
2018,12,13,17,0,27,0,0.2,167
2018,12,13,17,30,0,0,0.2,165
2018,12,13,18,0,0,0,0.2,162
2018,12,13,18,30,0,0,0.2,162
2018,12,13,19,0,0,0,0.2,155
2018,12,13,19,30,0,0,0.30000000000000004,153
2018,12,13,20,0,0,0,0.30000000000000004,152
2018,12,13,20,30,0,4,0.30000000000000004,148
2018,12,13,21,0,0,0,0.30000000000000004,144
2018,12,13,21,30,0,0,0.30000000000000004,142
2018,12,13,22,0,0,0,0.30000000000000004,140
2018,12,13,22,30,0,0,0.30000000000000004,141
2018,12,13,23,0,0,0,0.4,142
2018,12,13,23,30,0,0,0.30000000000000004,140
2018,12,14,0,0,0,0,0.30000000000000004,138
2018,12,14,0,30,0,7,0.30000000000000004,138
2018,12,14,1,0,0,7,0.30000000000000004,138
2018,12,14,1,30,0,7,0.30000000000000004,137
2018,12,14,2,0,0,7,0.30000000000000004,135
2018,12,14,2,30,0,7,0.30000000000000004,134
2018,12,14,3,0,0,7,0.30000000000000004,133
2018,12,14,3,30,0,4,0.30000000000000004,142
2018,12,14,4,0,0,7,0.4,151
2018,12,14,4,30,0,7,0.30000000000000004,151
2018,12,14,5,0,0,7,0.30000000000000004,152
2018,12,14,5,30,0,4,0.30000000000000004,149
2018,12,14,6,0,0,4,0.30000000000000004,147
2018,12,14,6,30,0,4,0.30000000000000004,148
2018,12,14,7,0,0,4,0.30000000000000004,149
2018,12,14,7,30,0,4,0.30000000000000004,152
2018,12,14,8,0,0,4,0.4,156
2018,12,14,8,30,11,4,0.4,161
2018,12,14,9,0,35,4,0.5,166
2018,12,14,9,30,129,4,0.5,168
2018,12,14,10,0,360,4,0.5,170
2018,12,14,10,30,239,4,0.5,172
2018,12,14,11,0,252,3,0.5,173
2018,12,14,11,30,797,0,0.5,177
2018,12,14,12,0,836,0,0.5,180
2018,12,14,12,30,837,0,0.5,181
2018,12,14,13,0,399,3,0.4,182
2018,12,14,13,30,97,4,0.4,182
2018,12,14,14,0,105,4,0.4,181
2018,12,14,14,30,156,7,0.30000000000000004,179
2018,12,14,15,0,68,7,0.30000000000000004,178
2018,12,14,15,30,48,7,0.30000000000000004,175
2018,12,14,16,0,24,7,0.30000000000000004,173
2018,12,14,16,30,3,7,0.30000000000000004,171
2018,12,14,17,0,23,7,0.30000000000000004,169
2018,12,14,17,30,0,6,0.30000000000000004,167
2018,12,14,18,0,0,7,0.30000000000000004,166
2018,12,14,18,30,0,7,0.30000000000000004,166
2018,12,14,19,0,0,6,0.2,157
2018,12,14,19,30,0,6,0.30000000000000004,145
2018,12,14,20,0,0,6,0.30000000000000004,134
2018,12,14,20,30,0,6,0.30000000000000004,120
2018,12,14,21,0,0,6,0.2,105
2018,12,14,21,30,0,6,0.2,94
2018,12,14,22,0,0,7,0.2,82
2018,12,14,22,30,0,6,0.30000000000000004,75
2018,12,14,23,0,0,6,0.30000000000000004,67
2018,12,14,23,30,0,6,0.30000000000000004,61
2018,12,15,0,0,0,6,0.30000000000000004,55
2018,12,15,0,30,0,7,0.4,55
2018,12,15,1,0,0,7,0.4,56
2018,12,15,1,30,0,7,0.4,58
2018,12,15,2,0,0,6,0.4,61
2018,12,15,2,30,0,6,0.4,63
2018,12,15,3,0,0,6,0.4,64
2018,12,15,3,30,0,6,0.4,61
2018,12,15,4,0,0,6,0.4,57
2018,12,15,4,30,0,6,0.4,52
2018,12,15,5,0,0,6,0.4,47
2018,12,15,5,30,0,6,0.5,44
2018,12,15,6,0,0,6,0.5,41
2018,12,15,6,30,0,6,0.5,41
2018,12,15,7,0,0,6,0.5,42
2018,12,15,7,30,0,6,0.5,40
2018,12,15,8,0,0,9,0.5,39
2018,12,15,8,30,0,9,0.5,44
2018,12,15,9,0,0,9,0.5,48
2018,12,15,9,30,0,6,0.5,48
2018,12,15,10,0,0,6,0.5,48
2018,12,15,10,30,0,6,0.5,51
2018,12,15,11,0,0,6,0.5,53
2018,12,15,11,30,0,6,0.6000000000000001,55
2018,12,15,12,0,0,7,0.6000000000000001,58
2018,12,15,12,30,0,7,0.6000000000000001,58
2018,12,15,13,0,0,6,0.7000000000000001,58
2018,12,15,13,30,0,6,0.6000000000000001,58
2018,12,15,14,0,0,7,0.6000000000000001,58
2018,12,15,14,30,0,4,0.6000000000000001,56
2018,12,15,15,0,0,8,0.5,54
2018,12,15,15,30,0,4,0.5,52
2018,12,15,16,0,0,4,0.5,50
2018,12,15,16,30,0,4,0.5,49
2018,12,15,17,0,0,4,0.5,48
2018,12,15,17,30,0,4,0.6000000000000001,50
2018,12,15,18,0,0,8,0.6000000000000001,53
2018,12,15,18,30,0,6,0.6000000000000001,53
2018,12,15,19,0,0,6,0.6000000000000001,53
2018,12,15,19,30,0,6,0.6000000000000001,52
2018,12,15,20,0,0,8,0.6000000000000001,51
2018,12,15,20,30,0,4,0.6000000000000001,53
2018,12,15,21,0,0,7,0.6000000000000001,55
2018,12,15,21,30,0,7,0.6000000000000001,58
2018,12,15,22,0,0,6,0.6000000000000001,61
2018,12,15,22,30,0,9,0.5,63
2018,12,15,23,0,0,9,0.5,65
2018,12,15,23,30,0,6,0.5,66
2018,12,16,0,0,0,7,0.5,68
2018,12,16,0,30,0,6,0.5,66
2018,12,16,1,0,0,7,0.5,65
2018,12,16,1,30,0,7,0.5,63
2018,12,16,2,0,0,7,0.5,61
2018,12,16,2,30,0,7,0.5,61
2018,12,16,3,0,0,7,0.5,61
2018,12,16,3,30,0,7,0.4,63
2018,12,16,4,0,0,7,0.4,64
2018,12,16,4,30,0,7,0.4,64
2018,12,16,5,0,0,6,0.4,64
2018,12,16,5,30,0,6,0.30000000000000004,62
2018,12,16,6,0,0,6,0.30000000000000004,60
2018,12,16,6,30,0,7,0.30000000000000004,53
2018,12,16,7,0,0,7,0.2,46
2018,12,16,7,30,0,7,0.30000000000000004,32
2018,12,16,8,0,8,7,0.30000000000000004,17
2018,12,16,8,30,0,4,0.4,187
2018,12,16,9,0,0,7,0.5,356
2018,12,16,9,30,11,7,0.5,353
2018,12,16,10,0,8,4,0.5,350
2018,12,16,10,30,0,7,0.5,349
2018,12,16,11,0,2,4,0.5,348
2018,12,16,11,30,0,7,0.4,350
2018,12,16,12,0,0,4,0.4,351
2018,12,16,12,30,0,4,0.4,350
2018,12,16,13,0,1,4,0.4,349
2018,12,16,13,30,12,4,0.4,338
2018,12,16,14,0,5,3,0.4,326
2018,12,16,14,30,6,3,0.4,318
2018,12,16,15,0,5,3,0.4,309
2018,12,16,15,30,71,3,0.4,301
2018,12,16,16,0,267,0,0.30000000000000004,292
2018,12,16,16,30,243,0,0.30000000000000004,291
2018,12,16,17,0,36,2,0.4,290
2018,12,16,17,30,0,2,0.4,289
2018,12,16,18,0,0,2,0.4,288
2018,12,16,18,30,0,2,0.4,288
2018,12,16,19,0,0,2,0.5,284
2018,12,16,19,30,0,0,0.5,281
2018,12,16,20,0,0,4,0.5,277
2018,12,16,20,30,0,4,0.5,273
2018,12,16,21,0,0,0,0.4,268
2018,12,16,21,30,0,4,0.5,264
2018,12,16,22,0,0,4,0.5,261
2018,12,16,22,30,0,4,0.5,259
2018,12,16,23,0,0,4,0.4,257
2018,12,16,23,30,0,4,0.4,254
2018,12,17,0,0,0,0,0.4,250
2018,12,17,0,30,0,0,0.4,248
2018,12,17,1,0,0,0,0.5,246
2018,12,17,1,30,0,0,0.5,241
2018,12,17,2,0,0,0,0.5,236
2018,12,17,2,30,0,0,0.5,237
2018,12,17,3,0,0,0,0.6000000000000001,238
2018,12,17,3,30,0,0,0.5,237
2018,12,17,4,0,0,0,0.5,236
2018,12,17,4,30,0,0,0.5,239
2018,12,17,5,0,0,0,0.6000000000000001,241
2018,12,17,5,30,0,0,0.6000000000000001,245
2018,12,17,6,0,0,0,0.5,249
2018,12,17,6,30,0,0,0.6000000000000001,253
2018,12,17,7,0,0,0,0.6000000000000001,258
2018,12,17,7,30,0,0,0.6000000000000001,261
2018,12,17,8,0,92,0,0.6000000000000001,264
2018,12,17,8,30,456,0,0.6000000000000001,272
2018,12,17,9,0,642,0,0.7000000000000001,279
2018,12,17,9,30,662,0,0.7000000000000001,287
2018,12,17,10,0,647,0,0.8,296
2018,12,17,10,30,623,7,0.8,300
2018,12,17,11,0,775,0,0.9,304
2018,12,17,11,30,399,7,0.9,307
2018,12,17,12,0,474,7,0.9,309
2018,12,17,12,30,872,0,0.9,310
2018,12,17,13,0,827,0,0.9,312
2018,12,17,13,30,736,0,0.9,313
2018,12,17,14,0,267,4,0.9,315
2018,12,17,14,30,85,4,0.8,316
2018,12,17,15,0,25,4,0.8,317
2018,12,17,15,30,0,4,0.7000000000000001,318
2018,12,17,16,0,0,4,0.6000000000000001,319
2018,12,17,16,30,0,4,0.6000000000000001,319
2018,12,17,17,0,19,4,0.5,320
2018,12,17,17,30,0,4,0.5,319
2018,12,17,18,0,0,4,0.4,318
2018,12,17,18,30,0,4,0.4,318
2018,12,17,19,0,0,4,0.4,318
2018,12,17,19,30,0,4,0.4,319
2018,12,17,20,0,0,4,0.4,320
2018,12,17,20,30,0,4,0.30000000000000004,319
2018,12,17,21,0,0,4,0.30000000000000004,318
2018,12,17,21,30,0,4,0.30000000000000004,319
2018,12,17,22,0,0,4,0.30000000000000004,320
2018,12,17,22,30,0,4,0.30000000000000004,322
2018,12,17,23,0,0,4,0.30000000000000004,324
2018,12,17,23,30,0,4,0.30000000000000004,327
2018,12,18,0,0,0,4,0.30000000000000004,329
2018,12,18,0,30,0,0,0.30000000000000004,331
2018,12,18,1,0,0,0,0.30000000000000004,333
2018,12,18,1,30,0,0,0.30000000000000004,334
2018,12,18,2,0,0,0,0.30000000000000004,336
2018,12,18,2,30,0,0,0.30000000000000004,337
2018,12,18,3,0,0,4,0.30000000000000004,338
2018,12,18,3,30,0,0,0.30000000000000004,338
2018,12,18,4,0,0,4,0.30000000000000004,338
2018,12,18,4,30,0,4,0.30000000000000004,339
2018,12,18,5,0,0,4,0.30000000000000004,340
2018,12,18,5,30,0,0,0.30000000000000004,340
2018,12,18,6,0,0,0,0.2,341
2018,12,18,6,30,0,4,0.2,340
2018,12,18,7,0,0,0,0.2,339
2018,12,18,7,30,0,0,0.2,338
2018,12,18,8,0,153,0,0.30000000000000004,338
2018,12,18,8,30,541,0,0.30000000000000004,345
2018,12,18,9,0,684,0,0.4,352
2018,12,18,9,30,606,0,0.4,352
2018,12,18,10,0,183,4,0.4,353
2018,12,18,10,30,192,4,0.30000000000000004,346
2018,12,18,11,0,538,4,0.30000000000000004,339
2018,12,18,11,30,715,0,0.30000000000000004,330
2018,12,18,12,0,921,0,0.30000000000000004,321
2018,12,18,12,30,922,0,0.30000000000000004,314
2018,12,18,13,0,917,0,0.30000000000000004,308
2018,12,18,13,30,905,0,0.2,307
2018,12,18,14,0,885,0,0.2,306
2018,12,18,14,30,854,0,0.2,310
2018,12,18,15,0,807,0,0.2,315
2018,12,18,15,30,737,0,0.4,332
2018,12,18,16,0,628,0,0.6000000000000001,349
2018,12,18,16,30,444,0,0.7000000000000001,185
2018,12,18,17,0,81,0,0.7000000000000001,21
2018,12,18,17,30,0,0,0.7000000000000001,43
2018,12,18,18,0,0,0,0.7000000000000001,64
2018,12,18,18,30,0,0,0.7000000000000001,64
2018,12,18,19,0,0,0,0.8,112
2018,12,18,19,30,0,0,0.8,127
2018,12,18,20,0,0,0,0.9,142
2018,12,18,20,30,0,0,0.8,149
2018,12,18,21,0,0,0,0.7000000000000001,157
2018,12,18,21,30,0,0,0.5,161
2018,12,18,22,0,0,0,0.4,165
2018,12,18,22,30,0,0,0.30000000000000004,171
2018,12,18,23,0,0,0,0.2,177
2018,12,18,23,30,0,0,0.30000000000000004,179
2018,12,19,0,0,0,0,0.30000000000000004,181
2018,12,19,0,30,0,0,0.30000000000000004,178
2018,12,19,1,0,0,0,0.30000000000000004,176
2018,12,19,1,30,0,0,0.30000000000000004,171
2018,12,19,2,0,0,0,0.30000000000000004,165
2018,12,19,2,30,0,0,0.30000000000000004,164
2018,12,19,3,0,0,0,0.30000000000000004,162
2018,12,19,3,30,0,0,0.30000000000000004,162
2018,12,19,4,0,0,0,0.30000000000000004,162
2018,12,19,4,30,0,0,0.30000000000000004,160
2018,12,19,5,0,0,0,0.30000000000000004,158
2018,12,19,5,30,0,0,0.30000000000000004,156
2018,12,19,6,0,0,0,0.30000000000000004,155
2018,12,19,6,30,0,0,0.30000000000000004,155
2018,12,19,7,0,0,4,0.30000000000000004,155
2018,12,19,7,30,0,4,0.30000000000000004,153
2018,12,19,8,0,39,4,0.30000000000000004,151
2018,12,19,8,30,127,7,0.30000000000000004,147
2018,12,19,9,0,255,7,0.30000000000000004,142
2018,12,19,9,30,348,7,0.30000000000000004,144
2018,12,19,10,0,425,7,0.30000000000000004,145
2018,12,19,10,30,439,7,0.4,155
2018,12,19,11,0,360,7,0.4,165
2018,12,19,11,30,464,7,0.4,168
2018,12,19,12,0,527,7,0.4,171
2018,12,19,12,30,572,7,0.4,173
2018,12,19,13,0,897,0,0.4,174
2018,12,19,13,30,497,4,0.4,176
2018,12,19,14,0,744,0,0.4,178
2018,12,19,14,30,829,0,0.30000000000000004,177
2018,12,19,15,0,782,0,0.2,176
2018,12,19,15,30,710,0,0.30000000000000004,176
2018,12,19,16,0,585,0,0.4,175
2018,12,19,16,30,286,0,0.4,174
2018,12,19,17,0,50,0,0.4,173
2018,12,19,17,30,0,0,0.4,172
2018,12,19,18,0,0,0,0.30000000000000004,172
2018,12,19,18,30,0,0,0.30000000000000004,172
2018,12,19,19,0,0,0,0.4,170
2018,12,19,19,30,0,7,0.4,169
2018,12,19,20,0,0,7,0.4,168
2018,12,19,20,30,0,0,0.4,166
2018,12,19,21,0,0,0,0.4,164
2018,12,19,21,30,0,4,0.4,162
2018,12,19,22,0,0,4,0.4,160
2018,12,19,22,30,0,7,0.4,160
2018,12,19,23,0,0,7,0.4,160
2018,12,19,23,30,0,4,0.4,162
2018,12,20,0,0,0,4,0.4,165
2018,12,20,0,30,0,7,0.4,166
2018,12,20,1,0,0,0,0.4,167
2018,12,20,1,30,0,0,0.30000000000000004,165
2018,12,20,2,0,0,0,0.30000000000000004,164
2018,12,20,2,30,0,4,0.30000000000000004,160
2018,12,20,3,0,0,7,0.4,156
2018,12,20,3,30,0,7,0.4,155
2018,12,20,4,0,0,4,0.4,153
2018,12,20,4,30,0,7,0.4,147
2018,12,20,5,0,0,7,0.4,141
2018,12,20,5,30,0,7,0.4,138
2018,12,20,6,0,0,7,0.4,135
2018,12,20,6,30,0,7,0.4,136
2018,12,20,7,0,0,7,0.4,137
2018,12,20,7,30,0,7,0.5,140
2018,12,20,8,0,22,7,0.5,144
2018,12,20,8,30,0,7,0.5,147
2018,12,20,9,0,0,7,0.5,151
2018,12,20,9,30,0,7,0.5,152
2018,12,20,10,0,3,4,0.5,154
2018,12,20,10,30,18,7,0.5,154
2018,12,20,11,0,0,4,0.4,154
2018,12,20,11,30,0,7,0.4,156
2018,12,20,12,0,0,7,0.4,158
2018,12,20,12,30,98,7,0.30000000000000004,152
2018,12,20,13,0,90,7,0.2,146
2018,12,20,13,30,4,7,0.2,137
2018,12,20,14,0,0,6,0.30000000000000004,129
2018,12,20,14,30,0,6,0.30000000000000004,119
2018,12,20,15,0,0,7,0.30000000000000004,109
2018,12,20,15,30,0,6,0.30000000000000004,102
2018,12,20,16,0,0,6,0.30000000000000004,95
2018,12,20,16,30,0,6,0.4,90
2018,12,20,17,0,0,6,0.4,85
2018,12,20,17,30,0,6,0.4,79
2018,12,20,18,0,0,6,0.5,72
2018,12,20,18,30,0,6,0.5,72
2018,12,20,19,0,0,6,0.5,63
2018,12,20,19,30,0,6,0.5,65
2018,12,20,20,0,0,6,0.5,66
2018,12,20,20,30,0,6,0.5,68
2018,12,20,21,0,0,6,0.5,70
2018,12,20,21,30,0,6,0.5,70
2018,12,20,22,0,0,6,0.5,70
2018,12,20,22,30,0,7,0.4,64
2018,12,20,23,0,0,7,0.4,58
2018,12,20,23,30,0,4,0.4,50
2018,12,21,0,0,0,4,0.30000000000000004,43
2018,12,21,0,30,0,7,0.30000000000000004,41
2018,12,21,1,0,0,4,0.30000000000000004,39
2018,12,21,1,30,0,7,0.4,34
2018,12,21,2,0,0,4,0.4,28
2018,12,21,2,30,0,4,0.4,189
2018,12,21,3,0,0,7,0.4,350
2018,12,21,3,30,0,4,0.30000000000000004,333
2018,12,21,4,0,0,3,0.30000000000000004,316
2018,12,21,4,30,0,3,0.30000000000000004,308
2018,12,21,5,0,0,0,0.4,300
2018,12,21,5,30,0,4,0.4,301
2018,12,21,6,0,0,4,0.4,301
2018,12,21,6,30,0,4,0.5,305
2018,12,21,7,0,0,4,0.5,309
2018,12,21,7,30,0,4,0.5,312
2018,12,21,8,0,77,4,0.5,314
2018,12,21,8,30,76,4,0.6000000000000001,316
2018,12,21,9,0,0,4,0.6000000000000001,319
2018,12,21,9,30,0,4,0.7000000000000001,324
2018,12,21,10,0,0,4,0.7000000000000001,329
2018,12,21,10,30,2,8,0.8,333
2018,12,21,11,0,1,4,0.8,337
2018,12,21,11,30,0,7,0.9,338
2018,12,21,12,0,0,7,0.9,340
2018,12,21,12,30,0,4,1.0,341
2018,12,21,13,0,0,7,1.0,343
2018,12,21,13,30,0,7,1.0,342
2018,12,21,14,0,0,6,1.0,342
2018,12,21,14,30,0,6,1.0,339
2018,12,21,15,0,0,6,1.0,337
2018,12,21,15,30,0,7,0.9,333
2018,12,21,16,0,0,7,0.9,330
2018,12,21,16,30,0,7,0.9,326
2018,12,21,17,0,0,7,0.9,322
2018,12,21,17,30,0,7,0.9,319
2018,12,21,18,0,0,7,1.0,316
2018,12,21,18,30,0,7,1.0,316
2018,12,21,19,0,0,7,1.0,312
2018,12,21,19,30,0,7,1.0,311
2018,12,21,20,0,0,7,1.0,310
2018,12,21,20,30,0,7,1.0,310
2018,12,21,21,0,0,7,1.0,309
2018,12,21,21,30,0,7,0.9,309
2018,12,21,22,0,0,7,0.9,308
2018,12,21,22,30,0,7,0.9,305
2018,12,21,23,0,0,7,0.8,303
2018,12,21,23,30,0,7,0.8,300
2018,12,22,0,0,0,4,0.8,298
2018,12,22,0,30,0,4,0.8,294
2018,12,22,1,0,0,8,0.8,291
2018,12,22,1,30,0,4,0.8,289
2018,12,22,2,0,0,4,0.8,287
2018,12,22,2,30,0,4,0.8,285
2018,12,22,3,0,0,4,0.8,284
2018,12,22,3,30,0,4,0.8,284
2018,12,22,4,0,0,4,0.8,284
2018,12,22,4,30,0,4,0.8,284
2018,12,22,5,0,0,4,0.8,285
2018,12,22,5,30,0,4,0.7000000000000001,283
2018,12,22,6,0,0,4,0.7000000000000001,282
2018,12,22,6,30,0,4,0.7000000000000001,279
2018,12,22,7,0,0,4,0.7000000000000001,277
2018,12,22,7,30,0,4,0.7000000000000001,276
2018,12,22,8,0,2,4,0.7000000000000001,274
2018,12,22,8,30,0,4,0.8,276
2018,12,22,9,0,0,4,0.9,277
2018,12,22,9,30,0,4,0.9,279
2018,12,22,10,0,0,4,1.0,282
2018,12,22,10,30,0,4,1.0,281
2018,12,22,11,0,0,4,1.0,281
2018,12,22,11,30,0,4,1.0,280
2018,12,22,12,0,0,4,1.0,279
2018,12,22,12,30,0,4,1.0,277
2018,12,22,13,0,0,4,1.0,276
2018,12,22,13,30,0,4,0.9,274
2018,12,22,14,0,0,4,0.8,272
2018,12,22,14,30,0,4,0.8,269
2018,12,22,15,0,0,4,0.7000000000000001,266
2018,12,22,15,30,0,4,0.5,262
2018,12,22,16,0,0,4,0.4,258
2018,12,22,16,30,0,4,0.4,255
2018,12,22,17,0,0,4,0.30000000000000004,252
2018,12,22,17,30,0,4,0.4,250
2018,12,22,18,0,0,4,0.4,248
2018,12,22,18,30,0,4,0.4,248
2018,12,22,19,0,0,4,0.4,243
2018,12,22,19,30,0,4,0.4,239
2018,12,22,20,0,0,4,0.4,236
2018,12,22,20,30,0,4,0.4,234
2018,12,22,21,0,0,4,0.4,232
2018,12,22,21,30,0,4,0.4,230
2018,12,22,22,0,0,7,0.4,228
2018,12,22,22,30,0,7,0.30000000000000004,227
2018,12,22,23,0,0,4,0.30000000000000004,226
2018,12,22,23,30,0,4,0.30000000000000004,224
2018,12,23,0,0,0,4,0.2,222
2018,12,23,0,30,0,7,0.2,216
2018,12,23,1,0,0,7,0.2,210
2018,12,23,1,30,0,7,0.30000000000000004,202
2018,12,23,2,0,0,7,0.30000000000000004,193
2018,12,23,2,30,0,4,0.30000000000000004,190
2018,12,23,3,0,0,4,0.30000000000000004,186
2018,12,23,3,30,0,4,0.30000000000000004,181
2018,12,23,4,0,0,0,0.30000000000000004,177
2018,12,23,4,30,0,0,0.4,175
2018,12,23,5,0,0,0,0.4,172
2018,12,23,5,30,0,0,0.5,173
2018,12,23,6,0,0,0,0.5,173
2018,12,23,6,30,0,0,0.5,174
2018,12,23,7,0,0,0,0.5,174
2018,12,23,7,30,0,0,0.5,176
2018,12,23,8,0,38,4,0.5,178
2018,12,23,8,30,204,4,0.5,185
2018,12,23,9,0,406,0,0.6000000000000001,191
2018,12,23,9,30,685,0,0.6000000000000001,196
2018,12,23,10,0,758,0,0.6000000000000001,201
2018,12,23,10,30,799,0,0.6000000000000001,203
2018,12,23,11,0,826,0,0.6000000000000001,205
2018,12,23,11,30,840,0,0.6000000000000001,206
2018,12,23,12,0,370,4,0.6000000000000001,208
2018,12,23,12,30,154,4,0.6000000000000001,212
2018,12,23,13,0,114,4,0.5,215
2018,12,23,13,30,121,4,0.5,220
2018,12,23,14,0,40,4,0.4,225
2018,12,23,14,30,46,7,0.30000000000000004,233
2018,12,23,15,0,0,7,0.30000000000000004,241
2018,12,23,15,30,0,7,0.4,255
2018,12,23,16,0,0,6,0.5,270
2018,12,23,16,30,0,6,0.4,269
2018,12,23,17,0,0,6,0.2,268
2018,12,23,17,30,0,6,0.30000000000000004,282
2018,12,23,18,0,0,7,0.30000000000000004,296
2018,12,23,18,30,0,7,0.30000000000000004,296
2018,12,23,19,0,0,7,0.4,306
2018,12,23,19,30,0,7,0.4,306
2018,12,23,20,0,0,7,0.4,306
2018,12,23,20,30,0,7,0.4,302
2018,12,23,21,0,0,7,0.4,298
2018,12,23,21,30,0,7,0.4,291
2018,12,23,22,0,0,7,0.4,284
2018,12,23,22,30,0,7,0.4,278
2018,12,23,23,0,0,7,0.4,272
2018,12,23,23,30,0,7,0.5,268
2018,12,24,0,0,0,4,0.5,264
2018,12,24,0,30,0,4,0.5,264
2018,12,24,1,0,0,4,0.6000000000000001,264
2018,12,24,1,30,0,4,0.6000000000000001,262
2018,12,24,2,0,0,4,0.7000000000000001,260
2018,12,24,2,30,0,4,0.6000000000000001,255
2018,12,24,3,0,0,4,0.6000000000000001,250
2018,12,24,3,30,0,4,0.6000000000000001,246
2018,12,24,4,0,0,4,0.6000000000000001,242
2018,12,24,4,30,0,4,0.6000000000000001,238
2018,12,24,5,0,0,4,0.6000000000000001,235
2018,12,24,5,30,0,4,0.7000000000000001,234
2018,12,24,6,0,0,4,0.7000000000000001,234
2018,12,24,6,30,0,4,0.7000000000000001,237
2018,12,24,7,0,0,4,0.8,240
2018,12,24,7,30,0,4,0.8,241
2018,12,24,8,0,186,0,0.8,243
2018,12,24,8,30,155,4,0.9,248
2018,12,24,9,0,0,4,1.0,253
2018,12,24,9,30,0,4,1.1,258
2018,12,24,10,0,11,4,1.2000000000000002,264
2018,12,24,10,30,48,4,1.2000000000000002,267
2018,12,24,11,0,91,4,1.2000000000000002,270
2018,12,24,11,30,31,4,1.2000000000000002,273
2018,12,24,12,0,5,4,1.2000000000000002,275
2018,12,24,12,30,0,4,1.1,277
2018,12,24,13,0,0,4,1.1,279
2018,12,24,13,30,2,4,1.0,281
2018,12,24,14,0,4,4,1.0,283
2018,12,24,14,30,1,4,0.9,284
2018,12,24,15,0,10,4,0.8,286
2018,12,24,15,30,2,4,0.6000000000000001,287
2018,12,24,16,0,0,4,0.4,288
2018,12,24,16,30,0,4,0.4,289
2018,12,24,17,0,20,4,0.30000000000000004,291
2018,12,24,17,30,0,4,0.30000000000000004,293
2018,12,24,18,0,0,4,0.30000000000000004,295
2018,12,24,18,30,0,4,0.30000000000000004,295
2018,12,24,19,0,0,4,0.30000000000000004,299
2018,12,24,19,30,0,4,0.30000000000000004,301
2018,12,24,20,0,0,4,0.2,304
2018,12,24,20,30,0,4,0.2,305
2018,12,24,21,0,0,7,0.2,305
2018,12,24,21,30,0,7,0.30000000000000004,310
2018,12,24,22,0,0,4,0.30000000000000004,315
2018,12,24,22,30,0,4,0.30000000000000004,318
2018,12,24,23,0,0,4,0.30000000000000004,320
2018,12,24,23,30,0,4,0.30000000000000004,326
2018,12,25,0,0,0,4,0.2,332
2018,12,25,0,30,0,4,0.30000000000000004,335
2018,12,25,1,0,0,0,0.30000000000000004,337
2018,12,25,1,30,0,0,0.30000000000000004,335
2018,12,25,2,0,0,0,0.30000000000000004,333
2018,12,25,2,30,0,7,0.2,326
2018,12,25,3,0,0,7,0.2,319
2018,12,25,3,30,0,4,0.2,309
2018,12,25,4,0,0,7,0.1,299
2018,12,25,4,30,0,7,0.1,258
2018,12,25,5,0,0,0,0.1,216
2018,12,25,5,30,0,4,0.1,194
2018,12,25,6,0,0,7,0.2,172
2018,12,25,6,30,0,7,0.2,166
2018,12,25,7,0,0,4,0.2,161
2018,12,25,7,30,0,4,0.2,158
2018,12,25,8,0,19,7,0.2,156
2018,12,25,8,30,43,7,0.2,155
2018,12,25,9,0,52,7,0.30000000000000004,154
2018,12,25,9,30,50,7,0.30000000000000004,159
2018,12,25,10,0,38,7,0.30000000000000004,164
2018,12,25,10,30,132,7,0.30000000000000004,178
2018,12,25,11,0,276,7,0.30000000000000004,193
2018,12,25,11,30,214,7,0.30000000000000004,203
2018,12,25,12,0,109,7,0.30000000000000004,214
2018,12,25,12,30,95,7,0.30000000000000004,219
2018,12,25,13,0,235,7,0.30000000000000004,224
2018,12,25,13,30,234,7,0.30000000000000004,227
2018,12,25,14,0,478,4,0.30000000000000004,230
2018,12,25,14,30,211,7,0.30000000000000004,233
2018,12,25,15,0,75,7,0.2,235
2018,12,25,15,30,72,7,0.30000000000000004,233
2018,12,25,16,0,16,4,0.4,231
2018,12,25,16,30,100,4,0.5,226
2018,12,25,17,0,57,0,0.6000000000000001,222
2018,12,25,17,30,0,4,0.6000000000000001,224
2018,12,25,18,0,0,4,0.6000000000000001,225
2018,12,25,18,30,0,4,0.6000000000000001,225
2018,12,25,19,0,0,4,0.6000000000000001,211
2018,12,25,19,30,0,0,0.7000000000000001,205
2018,12,25,20,0,0,4,0.7000000000000001,198
2018,12,25,20,30,0,4,0.6000000000000001,198
2018,12,25,21,0,0,4,0.6000000000000001,198
2018,12,25,21,30,0,4,0.5,202
2018,12,25,22,0,0,4,0.4,206
2018,12,25,22,30,0,4,0.30000000000000004,211
2018,12,25,23,0,0,4,0.30000000000000004,216
2018,12,25,23,30,0,4,0.30000000000000004,219
2018,12,26,0,0,0,0,0.30000000000000004,222
2018,12,26,0,30,0,0,0.30000000000000004,225
2018,12,26,1,0,0,4,0.30000000000000004,227
2018,12,26,1,30,0,4,0.30000000000000004,229
2018,12,26,2,0,0,4,0.30000000000000004,230
2018,12,26,2,30,0,4,0.30000000000000004,232
2018,12,26,3,0,0,0,0.30000000000000004,235
2018,12,26,3,30,0,4,0.30000000000000004,238
2018,12,26,4,0,0,4,0.4,241
2018,12,26,4,30,0,4,0.30000000000000004,245
2018,12,26,5,0,0,0,0.30000000000000004,249
2018,12,26,5,30,0,0,0.30000000000000004,253
2018,12,26,6,0,0,4,0.30000000000000004,257
2018,12,26,6,30,0,4,0.30000000000000004,260
2018,12,26,7,0,0,4,0.30000000000000004,263
2018,12,26,7,30,0,4,0.30000000000000004,265
2018,12,26,8,0,0,4,0.30000000000000004,267
2018,12,26,8,30,0,4,0.30000000000000004,264
2018,12,26,9,0,45,4,0.30000000000000004,261
2018,12,26,9,30,622,0,0.30000000000000004,257
2018,12,26,10,0,760,0,0.30000000000000004,254
2018,12,26,10,30,807,0,0.30000000000000004,251
2018,12,26,11,0,840,0,0.30000000000000004,249
2018,12,26,11,30,861,0,0.4,247
2018,12,26,12,0,874,0,0.4,245
2018,12,26,12,30,882,0,0.4,243
2018,12,26,13,0,884,0,0.4,242
2018,12,26,13,30,870,0,0.30000000000000004,241
2018,12,26,14,0,847,0,0.30000000000000004,240
2018,12,26,14,30,815,0,0.30000000000000004,234
2018,12,26,15,0,769,0,0.30000000000000004,228
2018,12,26,15,30,701,0,0.5,231
2018,12,26,16,0,596,0,0.7000000000000001,234
2018,12,26,16,30,423,0,0.6000000000000001,241
2018,12,26,17,0,108,0,0.5,248
2018,12,26,17,30,0,0,0.30000000000000004,276
2018,12,26,18,0,0,0,0.2,305
2018,12,26,18,30,0,0,0.2,305
2018,12,26,19,0,0,0,0.5,47
2018,12,26,19,30,0,0,0.6000000000000001,59
2018,12,26,20,0,0,0,0.8,71
2018,12,26,20,30,0,0,0.8,78
2018,12,26,21,0,0,0,0.7000000000000001,85
2018,12,26,21,30,0,0,0.5,92
2018,12,26,22,0,0,0,0.4,98
2018,12,26,22,30,0,0,0.4,104
2018,12,26,23,0,0,0,0.30000000000000004,109
2018,12,26,23,30,0,0,0.30000000000000004,113
2018,12,27,0,0,0,0,0.30000000000000004,118
2018,12,27,0,30,0,0,0.30000000000000004,120
2018,12,27,1,0,0,0,0.30000000000000004,122
2018,12,27,1,30,0,0,0.4,118
2018,12,27,2,0,0,0,0.4,114
2018,12,27,2,30,0,7,0.4,112
2018,12,27,3,0,0,7,0.5,110
2018,12,27,3,30,0,7,0.5,110
2018,12,27,4,0,0,0,0.6000000000000001,111
2018,12,27,4,30,0,0,0.6000000000000001,112
2018,12,27,5,0,0,7,0.6000000000000001,113
2018,12,27,5,30,0,7,0.6000000000000001,113
2018,12,27,6,0,0,7,0.5,113
2018,12,27,6,30,0,7,0.6000000000000001,112
2018,12,27,7,0,0,7,0.6000000000000001,111
2018,12,27,7,30,0,7,0.6000000000000001,116
2018,12,27,8,0,55,7,0.7000000000000001,120
2018,12,27,8,30,138,7,0.7000000000000001,121
2018,12,27,9,0,219,7,0.7000000000000001,122
2018,12,27,9,30,265,7,0.7000000000000001,126
2018,12,27,10,0,125,7,0.7000000000000001,129
2018,12,27,10,30,33,6,0.7000000000000001,134
2018,12,27,11,0,157,7,0.7000000000000001,138
2018,12,27,11,30,390,7,0.6000000000000001,137
2018,12,27,12,0,373,4,0.6000000000000001,135
2018,12,27,12,30,180,8,0.6000000000000001,135
2018,12,27,13,0,34,4,0.7000000000000001,136
2018,12,27,13,30,0,7,0.7000000000000001,138
2018,12,27,14,0,1,4,0.7000000000000001,140
2018,12,27,14,30,0,4,0.7000000000000001,141
2018,12,27,15,0,0,7,0.7000000000000001,142
2018,12,27,15,30,0,7,0.8,141
2018,12,27,16,0,0,7,0.8,141
2018,12,27,16,30,0,7,0.9,139
2018,12,27,17,0,18,7,1.0,138
2018,12,27,17,30,0,6,1.0,138
2018,12,27,18,0,0,7,1.0,138
2018,12,27,18,30,0,6,1.0,138
2018,12,27,19,0,0,6,1.0,145
2018,12,27,19,30,0,6,1.0,150
2018,12,27,20,0,0,6,1.1,154
2018,12,27,20,30,0,6,1.1,154
2018,12,27,21,0,0,6,1.2000000000000002,154
2018,12,27,21,30,0,7,1.2000000000000002,157
2018,12,27,22,0,0,6,1.2000000000000002,160
2018,12,27,22,30,0,6,1.2000000000000002,165
2018,12,27,23,0,0,6,1.2000000000000002,169
2018,12,27,23,30,0,6,1.2000000000000002,171
2018,12,28,0,0,0,6,1.2000000000000002,173
2018,12,28,0,30,0,6,1.2000000000000002,174
2018,12,28,1,0,0,6,1.2000000000000002,175
2018,12,28,1,30,0,6,1.2000000000000002,176
2018,12,28,2,0,0,6,1.1,178
2018,12,28,2,30,0,6,1.1,178
2018,12,28,3,0,0,6,1.0,178
2018,12,28,3,30,0,6,1.0,179
2018,12,28,4,0,0,6,0.9,179
2018,12,28,4,30,0,6,0.9,177
2018,12,28,5,0,0,6,0.9,175
2018,12,28,5,30,0,7,0.8,176
2018,12,28,6,0,0,7,0.8,177
2018,12,28,6,30,0,7,0.8,177
2018,12,28,7,0,0,7,0.8,176
2018,12,28,7,30,0,6,0.7000000000000001,178
2018,12,28,8,0,0,6,0.7000000000000001,179
2018,12,28,8,30,0,6,0.7000000000000001,183
2018,12,28,9,0,0,7,0.7000000000000001,187
2018,12,28,9,30,0,6,0.8,193
2018,12,28,10,0,0,6,0.8,198
2018,12,28,10,30,0,6,0.8,202
2018,12,28,11,0,0,6,0.8,206
2018,12,28,11,30,0,6,0.7000000000000001,211
2018,12,28,12,0,0,6,0.7000000000000001,215
2018,12,28,12,30,0,6,0.7000000000000001,217
2018,12,28,13,0,0,7,0.6000000000000001,218
2018,12,28,13,30,1,6,0.6000000000000001,216
2018,12,28,14,0,0,7,0.6000000000000001,213
2018,12,28,14,30,185,4,0.7000000000000001,212
2018,12,28,15,0,291,3,0.7000000000000001,211
2018,12,28,15,30,271,3,0.7000000000000001,215
2018,12,28,16,0,275,3,0.7000000000000001,218
2018,12,28,16,30,40,3,0.7000000000000001,224
2018,12,28,17,0,19,3,0.7000000000000001,230
2018,12,28,17,30,0,3,0.7000000000000001,238
2018,12,28,18,0,0,0,0.7000000000000001,247
2018,12,28,18,30,0,0,0.7000000000000001,247
2018,12,28,19,0,0,0,0.8,264
2018,12,28,19,30,0,3,0.8,269
2018,12,28,20,0,0,3,0.8,273
2018,12,28,20,30,0,3,0.8,275
2018,12,28,21,0,0,3,0.8,276
2018,12,28,21,30,0,0,0.8,275
2018,12,28,22,0,0,0,0.8,275
2018,12,28,22,30,0,0,0.7000000000000001,275
2018,12,28,23,0,0,0,0.7000000000000001,275
2018,12,28,23,30,0,4,0.7000000000000001,275
2018,12,29,0,0,0,4,0.7000000000000001,275
2018,12,29,0,30,0,4,0.6000000000000001,274
2018,12,29,1,0,0,4,0.6000000000000001,273
2018,12,29,1,30,0,4,0.6000000000000001,270
2018,12,29,2,0,0,4,0.5,267
2018,12,29,2,30,0,4,0.5,264
2018,12,29,3,0,0,4,0.5,260
2018,12,29,3,30,0,4,0.5,259
2018,12,29,4,0,0,4,0.5,257
2018,12,29,4,30,0,4,0.6000000000000001,257
2018,12,29,5,0,0,4,0.6000000000000001,257
2018,12,29,5,30,0,4,0.6000000000000001,259
2018,12,29,6,0,0,4,0.6000000000000001,260
2018,12,29,6,30,0,4,0.6000000000000001,258
2018,12,29,7,0,0,4,0.6000000000000001,257
2018,12,29,7,30,0,4,0.6000000000000001,255
2018,12,29,8,0,31,4,0.6000000000000001,253
2018,12,29,8,30,0,4,0.7000000000000001,256
2018,12,29,9,0,0,4,0.8,259
2018,12,29,9,30,0,4,0.8,262
2018,12,29,10,0,0,4,0.9,266
2018,12,29,10,30,0,4,0.9,269
2018,12,29,11,0,0,4,0.9,271
2018,12,29,11,30,0,4,0.9,274
2018,12,29,12,0,0,4,0.9,276
2018,12,29,12,30,0,4,0.9,278
2018,12,29,13,0,0,4,0.9,280
2018,12,29,13,30,0,4,0.8,282
2018,12,29,14,0,0,4,0.8,284
2018,12,29,14,30,0,4,0.7000000000000001,285
2018,12,29,15,0,0,4,0.6000000000000001,287
2018,12,29,15,30,0,4,0.4,287
2018,12,29,16,0,0,4,0.2,287
2018,12,29,16,30,0,4,0.2,286
2018,12,29,17,0,0,4,0.2,285
2018,12,29,17,30,0,4,0.2,285
2018,12,29,18,0,0,8,0.2,286
2018,12,29,18,30,0,8,0.2,286
2018,12,29,19,0,0,7,0.30000000000000004,272
2018,12,29,19,30,0,8,0.30000000000000004,240
2018,12,29,20,0,0,4,0.30000000000000004,209
2018,12,29,20,30,0,4,0.30000000000000004,208
2018,12,29,21,0,0,4,0.30000000000000004,206
2018,12,29,21,30,0,4,0.4,208
2018,12,29,22,0,0,7,0.4,210
2018,12,29,22,30,0,4,0.4,211
2018,12,29,23,0,0,4,0.5,212
2018,12,29,23,30,0,4,0.5,210
2018,12,30,0,0,0,4,0.5,208
2018,12,30,0,30,0,4,0.5,211
2018,12,30,1,0,0,4,0.4,214
2018,12,30,1,30,0,4,0.4,217
2018,12,30,2,0,0,4,0.30000000000000004,220
2018,12,30,2,30,0,4,0.30000000000000004,220
2018,12,30,3,0,0,4,0.30000000000000004,220
2018,12,30,3,30,0,4,0.30000000000000004,217
2018,12,30,4,0,0,4,0.30000000000000004,213
2018,12,30,4,30,0,4,0.4,212
2018,12,30,5,0,0,4,0.4,210
2018,12,30,5,30,0,4,0.4,213
2018,12,30,6,0,0,4,0.4,216
2018,12,30,6,30,0,4,0.4,219
2018,12,30,7,0,0,4,0.4,222
2018,12,30,7,30,0,4,0.4,220
2018,12,30,8,0,40,4,0.5,218
2018,12,30,8,30,58,4,0.6000000000000001,219
2018,12,30,9,0,312,4,0.7000000000000001,219
2018,12,30,9,30,536,0,0.7000000000000001,220
2018,12,30,10,0,195,4,0.8,221
2018,12,30,10,30,214,7,0.8,222
2018,12,30,11,0,279,4,0.8,222
2018,12,30,11,30,425,4,0.8,224
2018,12,30,12,0,524,7,0.9,225
2018,12,30,12,30,735,0,0.8,227
2018,12,30,13,0,898,0,0.8,228
2018,12,30,13,30,887,0,0.8,228
2018,12,30,14,0,867,0,0.8,228
2018,12,30,14,30,824,0,0.7000000000000001,226
2018,12,30,15,0,751,0,0.6000000000000001,224
2018,12,30,15,30,616,0,0.4,220
2018,12,30,16,0,409,7,0.30000000000000004,215
2018,12,30,16,30,253,7,0.30000000000000004,212
2018,12,30,17,0,77,7,0.4,209
2018,12,30,17,30,0,7,0.4,206
2018,12,30,18,0,0,7,0.4,204
2018,12,30,18,30,0,7,0.4,204
2018,12,30,19,0,0,7,0.4,200
2018,12,30,19,30,0,7,0.4,199
2018,12,30,20,0,0,6,0.4,197
2018,12,30,20,30,0,6,0.4,194
2018,12,30,21,0,0,6,0.4,191
2018,12,30,21,30,0,7,0.4,187
2018,12,30,22,0,0,6,0.4,183
2018,12,30,22,30,0,7,0.4,181
2018,12,30,23,0,0,7,0.4,180
2018,12,30,23,30,0,7,0.4,178
2018,12,31,0,0,0,7,0.4,176
2018,12,31,0,30,0,7,0.4,175
2018,12,31,1,0,0,7,0.4,174
2018,12,31,1,30,0,7,0.30000000000000004,171
2018,12,31,2,0,0,7,0.30000000000000004,168
2018,12,31,2,30,0,7,0.30000000000000004,162
2018,12,31,3,0,0,7,0.30000000000000004,156
2018,12,31,3,30,0,7,0.30000000000000004,154
2018,12,31,4,0,0,6,0.30000000000000004,152
2018,12,31,4,30,0,6,0.30000000000000004,151
2018,12,31,5,0,0,6,0.4,149
2018,12,31,5,30,0,6,0.4,144
2018,12,31,6,0,0,6,0.4,140
2018,12,31,6,30,0,6,0.5,136
2018,12,31,7,0,0,6,0.5,132
2018,12,31,7,30,0,6,0.5,132
2018,12,31,8,0,8,6,0.6000000000000001,132
2018,12,31,8,30,0,6,0.6000000000000001,133
2018,12,31,9,0,0,7,0.6000000000000001,135
2018,12,31,9,30,0,6,0.6000000000000001,133
2018,12,31,10,0,0,6,0.6000000000000001,132
2018,12,31,10,30,0,6,0.7000000000000001,128
2018,12,31,11,0,0,7,0.7000000000000001,124
2018,12,31,11,30,0,7,0.8,120
2018,12,31,12,0,7,7,0.8,116
2018,12,31,12,30,0,7,0.8,117
2018,12,31,13,0,0,7,0.9,118
2018,12,31,13,30,0,6,0.8,128
2018,12,31,14,0,0,7,0.8,138
2018,12,31,14,30,0,6,0.8,145
2018,12,31,15,0,0,6,0.7000000000000001,153
2018,12,31,15,30,0,7,0.8,158
2018,12,31,16,0,0,7,0.8,164
2018,12,31,16,30,0,6,0.8,167
2018,12,31,17,0,0,6,0.9,171
2018,12,31,17,30,0,6,0.9,172
2018,12,31,18,0,0,6,0.9,173
2018,12,31,18,30,0,6,0.9,173
2018,12,31,19,0,0,8,0.6000000000000001,319
2018,12,31,19,30,0,8,0.6000000000000001,317
2018,12,31,20,0,0,8,0.6000000000000001,314
2018,12,31,20,30,0,8,0.6000000000000001,310
2018,12,31,21,0,0,8,0.5,305
2018,12,31,21,30,0,8,0.6000000000000001,302
2018,12,31,22,0,0,8,0.6000000000000001,299
2018,12,31,22,30,0,8,0.6000000000000001,298
2018,12,31,23,0,0,8,0.6000000000000001,297
2018,12,31,23,30,0,8,0.6000000000000001,297
